Date,Time,Original tweet,Clean tweet,Positive,Neutral,Negative
2022-05-29,12:45,"Let's see which crypto community is better 🙌
#BTC 
#BNB
#ETH
#ADA
#XRP
#SHIB
#dogecoin 
#FLOKI 
#CheemsInu 

Comment your favorite crypto with wallet I will drop some crypto to your wallets 😉🙏❤️",let us see which crypto community is better btc bnb eth ada xrp shib dogecoin floki cheemsinu comment your favorite crypto with wallet i will drop some crypto to your wallets,0.03339565545320511,0.934664785861969,0.03193959966301918
2022-05-29,12:45,Hopefully @elonmusk tweets something again soon to make $BTC #bitcoin go higher for us,hopefully elonmusk tweets something again soon to make btc bitcoin go higher for us,0.658730149269104,0.32951197028160095,0.011757875792682171
2022-05-29,12:45,"@KDM271828 No thank you, I prefer real #bitcoin not your rip off version.",kdm271828 no thank you i prefer real bitcoin not your rip off version,0.04990137740969658,0.9268807172775269,0.0232179444283247
2022-05-29,12:45,Bitcoin could EASILY 10x within 1 year from here.   #Bitcoin,bitcoin could easily 10x within 1 year from here bitcoin,0.6775423288345337,0.30961668491363525,0.012841017916798592
2022-05-29,12:45,"Was waiting to SHORT #Bitcoin at 29460$. So far it hit perfectly, let see what happens…

$btc #Crypto #lunaterra #cryptotrading",was waiting to short bitcoin at 29460 so far it hit perfectly let see what happens btc crypto lunaterra cryptotrading,0.04356377571821213,0.933688223361969,0.022747976705431938
2022-05-29,12:45,"#Millions people follow @SpaceXStarlink and @elonmusk project, but should also follow @UnwyredISP &amp; @Skycoinproject. #Twitter must follow companies in the decentralization of internet infrastructure.

#Starlink #UnwyredISP
#Bitcoin #Ethereum #Litecoin #Xrp #Xaut
#Skycoin #SCH",millions people follow spacexstarlink and elonmusk project but should also follow unwyredisp skycoinproject twitter must follow companies in the decentralization of internet infrastructure starlink unwyredisp bitcoin ethereum litecoin xrp xaut skycoin sch,0.05638346076011658,0.929917573928833,0.013698963448405266
2022-05-29,12:45,"Recessions have created more millionaires than lottery tickets ever did.

The market will always eventually crash.
The market will always bounce back. 
Play smart.

#Bitcoin &amp; 🧘‍♂️",recessions have created more millionaires than lottery tickets ever did the market will always eventually crash the market will always bounce back play smart bitcoin,0.07728517800569534,0.8962942361831665,0.02642056532204151
2022-05-29,12:45,"@IamHodl2 @btctrek Easily worked around. In a highly inflationary environment, people will be prepared to take an extra step and sacrifice a few % to exchange the CBDC for real goods, then sell those for #Bitcoin

Or just directly exchange your CBDC with another person for their #Bitcoin",iamhodl2 btctrek easily worked around in a highly inflationary environment people will be prepared to take an extra step and sacrifice a few to exchange the cbdc for real goods then sell those for bitcoin or just directly exchange your cbdc with another person for their bitcoin,0.06793674826622009,0.9181150794029236,0.013948175124824047
2022-05-29,12:45,@ChiefraFba The hard part is buyomg when everyone thinks #btc is dead,chiefrafba the hard part is buyomg when everyone thinks btc is dead,0.030145706608891487,0.8939633369445801,0.0758909210562706
2022-05-29,12:45,"If there is a volume in the market you can't talk about the bear season. So in the situation we are all going through for almost 8 month is a correction in the bear trend on the bull season. 
But #Btc is here and will be stay here forever. 
Gotta stay in the game.
Thats it.",if there is a volume in the market you cannot talk about the bear season so in the situation we are all going through for almost 8 month is a correction in the bear trend on the bull season but btc is here and will be stay here forever gotta stay in the game thats it,0.08589556813240051,0.766710638999939,0.14739377796649933
2022-05-29,12:45,If #bitcoin and #ethereum had a rap battle who would win?,if bitcoin and ethereum had a rap battle who would win,0.04172639176249504,0.9300439953804016,0.02822963148355484
2022-05-29,12:45,"#bitcoin 100k idea

One heck of a weekend, one beautiful place, joy, love, fun.. And.. Whatever..

Whos ready?

Put a high five 👇👇",bitcoin 100k idea one heck of a weekend one beautiful place joy love fun and whatever whos ready put a high five,0.08022415637969971,0.9010164141654968,0.01875941827893257
2022-05-29,12:45,"🚨 338 #BTC (9,851,017 USD) just transferred 🚨

From:
34EeVUw1yQnT2F6EbqS2rHeLcysSVj8wTx

To:
3LKDRbcxdiBpDb9zhGBVSmtnwZ6ddjPcCr

Tx hash:
14b79d7326844e7a0b0eff7d5a7a2c960469682431f39df1caaa352e37defe3a

#Bitcoin $BTC",338 btc 9851017 usd just transferred 34eevuw1yqnt2f6ebqs2rhelcyssvj8wtx 3lkdrbcxdibpdb9zhgbvsmtnwz6ddjpccr tx 14b79d7326844e7a0b0eff7d5a7a2c960469682431f39df1caaa352e37defe3a bitcoin btc,0.08841223269701004,0.8918737769126892,0.019713973626494408
2022-05-29,12:45,#Bitcoin will make iced water to fill its water tank.,bitcoin will make iced water to fill its water tank,0.06636921316385269,0.9198715090751648,0.013759354129433632
2022-05-29,12:45,"🟩 Block 738428 ⛏ ⛏

📅 29th May 2022, 12:41:59 GMT

📣 527 tx with a value of 594.600 ₿ ($17.44m 🇺🇸)

📣 distributed to 4,013 recipients 💎🙌

📣 19,052,681.25 ₿ (90.72705%) mined ⛏

📣 1,947,318.75 ₿ remaining 💰

#bitcoin #tictoknextblock",block 738428 29th may 2022 gmt 527 tx with a value of 594600 1744m distributed to 4013 recipients 1905268125 9072705 mined 194731875 remaining bitcoin tictoknextblock,0.04298181086778641,0.9344514608383179,0.02256675995886326
2022-05-29,12:45,@Mraxadil Can someone write this essay for me looking to buy NFTs looking to sell my NFTs looking to buy etherium looking to buy bitcoin selling etherioum my instagram account hacked twitter hacked #ETH #BTC #NFTCommunity #AmongUs #savetf2,mraxadil can someone write this essay for me looking to buy nfts looking to sell my nfts looking to buy etherium looking to buy bitcoin selling etherioum my instagram account hacked twitter hacked eth btc nftcommunity amongus savetf2,0.06042999401688576,0.9244250059127808,0.015145011246204376
2022-05-29,12:45,"@elonmusk Pump it 
#BTC",elonmusk pump it btc,0.056251008063554764,0.9288622736930847,0.014886768534779549
2022-05-29,12:45,"Where is #Bitcoin headed in June?#Bitcoin #Crypto 
#BTC
📉            ↔️              📈
👇            👇              👇",where is bitcoin headed in junebitcoin crypto btc,0.020161718130111694,0.9377130270004272,0.04212525114417076
2022-05-29,12:45,@AltcoinDailyio i haven't #bitcoin.i have #tfbx token,altcoindailyio i have not bitcoini have tfbx token,0.04380928725004196,0.9350893497467041,0.021101361140608788
2022-05-29,12:45,"The mortality rate of small businesses after explosive growth will always be high. It is normal. Many new ones arriving.
#CryptoCurrencies #Bitcoin #Ethereum #NFT #NFTs #NFTCommunity #OtherEconomy #OtraEconomia #Metaverse #Gold #Economia #Finanzas",the mortality rate of small businesses after explosive growth will always be high it is normal many new ones arriving cryptocurrencies bitcoin ethereum nft nfts nftcommunity othereconomy otraeconomia metaverse gold economia finanzas,0.057164717465639114,0.8951511383056641,0.04768417030572891
2022-05-29,12:45,@Bridgeswap_Dex  I really believe that this project will really go a long way to put smile in our face. I hope this project will develop well and will be on the moon.#BRIDGESWAP #CRYPTO #BTC #BINANCE,bridgeswapdex i really believe that this project will really go a long way to put smile in our face i hope this project will develop well and will be on the moonbridgeswap crypto btc binance,0.795425534248352,0.1969919204711914,0.007582583464682102
2022-05-29,12:45,"Happy Sunday for all in #crypto. Hope you are enjoying that sunny day and not concerned with the ninth red #BTC week. Also hope that you've already taken the chance to answer our questions carefully and get some free USDT as reward for your help.
#cryptocurrencies #cryptotrading",happy sunday for all in crypto hope you are enjoying that sunny day and not concerned with the ninth red btc week also hope that you ve already taken the chance to answer our questions carefully and get some free usdt as reward for your help cryptocurrencies cryptotrading,0.3235827386379242,0.6662079691886902,0.010209300555288792
2022-05-29,12:45,"Love the #NFT, kids going to mine his way to a #Bitcoin island!I see a bright future in him one day‼️#nftsales #nftGive…",love the nft kids going to mine his way to a bitcoin islandi see a bright future in him one daynftsales nftgive,0.1686072200536728,0.819413423538208,0.011979362927377224
2022-05-29,12:45,"$BTC Latest Block Info: Block 738428 holds 527 transactions for a total of 594.60044 #Bitcoin including Block Reward. Block Size 960,213 Bytes",btc latest block block 738428 holds 527 transactions for a total of 59460044 bitcoin including block reward block size 960213 bytes,0.02866116166114807,0.9485450387001038,0.02279384806752205
2022-05-29,12:45,"#Airdrops for GUMA

Get free 1000 #GUMA NFTs

Follow and drop BSC wallet address

And retweet the pin tweet

#GUMA is #NFTs Platform and #metavarse

#Airdrop #BTC #Binance #BNB #Solana #SolanaNFTs #SolanaNFT #ETH #cryptocurrency #BinanceNFT #NFT #BinanceSmartChain #Crypto #ADA",airdrops for guma get free 1000 guma nfts follow and drop bsc wallet address and retweet the pin tweet guma is nfts platform and metavarse airdrop btc binance bnb solana solananfts solananft eth cryptocurrency binancenft nft binancesmartchain crypto ada,0.0230854619294405,0.9512130618095398,0.02570151537656784
2022-05-29,12:45,"👋 A new block was found on the #Bitcoin network. We're at block height 738428, current #bitcoin price is $29298.9 and there are 194729372690011 #sats left to mine.",a new block was found on the bitcoin network we are at block height 738428 current bitcoin price is 292989 and there are 194729372690011 sats left to mine,0.024505270645022392,0.9283835291862488,0.04711122438311577
2022-05-29,12:45,"@SexiestInvestor #BITCOIN creator focused on one thing, #blocks creator @humblceo started #DGB and left it in the wind, as he did with every $HMBL feature so far that has flopped Wich is all of them, and sooooo 🤔🤔🤔🤔🤔",sexiestinvestor bitcoin creator focused on one thing blocks creator humblceo started dgb and left it in the wind as he did with every hmbl feature so far that has flopped wich is all of them and sooooo,0.0503508597612381,0.9220635890960693,0.027585536241531372
2022-05-29,12:45,"@Mraxadil I need someone to write this essay, my instagram account got hacked, my twitter got hacked, anyone buying/selling NFT NFTs etherium bitcoin dogecoin #BTC #NFTCommunity #AmongUs #savetf2",mraxadil i need someone to write this essay my instagram account got hacked my twitter got hacked anyone buyingselling nft nfts etherium bitcoin dogecoin btc nftcommunity amongus savetf2,0.02931884676218033,0.9147180914878845,0.05596303567290306
2022-05-29,12:45,"@cryptogems555 🐑 Baa Inu 🐑

0x7c49261a0d32f4d7ecc85e57899e40206b214809

✅ New hype, you know what the other animal bro has been up to, it'll be better

✅Features:
✅Trusted Team
✅KYC 
✅Audit 
✅Past experience
#Baa #BaaArmy #Baainu #Bsc #Gem #Bnb #Btc #Shib #doge",cryptogems555 baa inu 0x7c49261a0d32f4d7ecc85e57899e40206b214809 new hype you know what the other animal bro has been up to it will be better trusted team kyc audit past experience baa baaarmy baainu bsc gem bnb btc shib doge,0.17822135984897614,0.8101637959480286,0.01161479763686657
2022-05-29,12:45,@BitcoinFear #BTC at 29k. Best time to buy the FEAR. It was 10 two days ago. Buy the dip and HODL forever ❤️❤️❤️,bitcoinfear btc at 29k best time to buy the fear it was 10 two days ago buy the dip and hodl forever,0.0876125693321228,0.888526201248169,0.02386116422712803
2022-05-29,12:45,"BITCOIN WENT UP!

USD $29,298.90 (+0,44%)
Yesterday: +2,45%
Last 30 days: -26,28%

#bitcoin",bitcoin went up usd 2929890 044 245 last 30 2628 bitcoin,0.9289712905883789,0.050810422748327255,0.020218247547745705
2022-05-29,12:45,@FFVV1211 I’m tryna find that my guy #crypto #btc #eth #luna #ALTSEASON,ffvv1211 im tryna find that my guy crypto btc eth luna altseason,0.039884861558675766,0.9321157336235046,0.027999429032206535
2022-05-29,12:45,"Current #Bitcoin price is $29,329.84",current bitcoin price is 2932984,0.02008296549320221,0.9391987919807434,0.04071822017431259
2022-05-29,12:45,@PiMalDave @elonmusk Waiting for him to announce that Tesla is scooping some more #BTC,pimaldave elonmusk waiting for him to announce that tesla is scooping some more btc,0.07403639703989029,0.9116940498352051,0.014269543811678886
2022-05-29,12:45,"One follower to 500! Who will it be!?🧐✅

#crypto #ada #cardanocommunity #cnft #CNFTCommunity #nft #cardano #btc #follome #FolloForFolloBack #clayfollowclay",one follower to 500 who will it be crypto ada cardanocommunity cnft cnftcommunity nft cardano btc follome folloforfolloback clayfollowclay,0.025309201329946518,0.9524604678153992,0.02223031595349312
2022-05-29,12:45,Nothing beats waking up to loads of notifications I love y’all you and the support lately.🫱🏼‍🫲🏽💙 #crypto #nft #NFTCommunity #APECOIN #ALTSEASON #btc #eth #luna #investing #passiveincome,nothing beats waking up to loads of notifications i love yall you and the support lately crypto nft nftcommunity apecoin altseason btc eth luna investing passiveincome,0.11204861104488373,0.8689911365509033,0.01896025612950325
2022-05-29,12:45,"Today's market has noticed, with a slight pullback, I will go long at the ETH1800 position. Profits are controlled at 30%~50%, and do not make risky transactions. This is not investment advice. #BTC #eth #XRP #ADA #BNB #MANA",today market has noticed with a slight pullback i will go long at the eth1800 position profits are controlled at 3050 and do not make risky transactions this is not investment advice btc eth xrp ada bnb mana,0.07570134103298187,0.8177716135978699,0.10652707517147064
2022-05-29,12:45,On a long enough time horizon all shitcoins bleed against #btc,on a long enough time horizon all shitcoins bleed against btc,0.03933443874120712,0.9262606501579285,0.0344049446284771
2022-05-29,12:45,"@Crypto__emily 🐑 Baa Inu 🐑

0x7c49261a0d32f4d7ecc85e57899e40206b214809

✅ New hype, you know what the other animal bro has been up to, it'll be better

✅Features:
✅Trusted Team
✅KYC 
✅Audit 
✅Past experience
#Baa #BaaArmy #Baainu #Bsc #Gem #Bnb #Btc #Shib #doge",cryptoemily baa inu 0x7c49261a0d32f4d7ecc85e57899e40206b214809 new hype you know what the other animal bro has been up to it will be better trusted team kyc audit past experience baa baaarmy baainu bsc gem bnb btc shib doge,0.18534640967845917,0.8027222156524658,0.011931291781365871
2022-05-29,12:45,"Always.
All The Ways.
Short #Bitcoin
#bnb
#avax",always all the ways short bitcoin bnb avax,0.04395173490047455,0.9180169701576233,0.03803122788667679
2022-05-29,12:45,"🟩 Block 738427 ⛏ ⛏

📅 29th May 2022, 12:40:22 GMT

📣 2,739 tx with a value of 15,696.951 ₿ ($460.41m 🇺🇸)

📣 distributed to 10,402 recipients 💎🙌

📣 19,052,675.00 ₿ (90.72702%) mined ⛏

📣 1,947,325.00 ₿ remaining 💰

#bitcoin #tictoknextblock",block 738427 29th may 2022 gmt 2739 tx with a value of 15696951 46041m distributed to 10402 recipients 1905267500 9072702 mined 194732500 remaining bitcoin tictoknextblock,0.05256224051117897,0.9255384802818298,0.021899212151765823
2022-05-29,12:45,BREAKING NEWS: The biggest Bitcoin transaction in history was sent literally just now.. #Bitcoin,breaking the biggest bitcoin transaction in history was sent literally just now bitcoin,0.057772085070610046,0.8257847428321838,0.11644317954778671
2022-05-29,12:45,If you don't own #Bitcoin...you're not going to make it. #altcoins are designed to steal your money.,if you do not own bitcoinyou re not going to make it altcoins are designed to steal your money,0.022729765623807907,0.8488383889198303,0.12843188643455505
2022-05-29,12:45,"Will #Bitcoin close this week above $30k?

No        Maybe      Yes 
👇          👇            👇",will bitcoin close this week above 30k no maybe yes,0.13173404335975647,0.8318724632263184,0.03639347478747368
2022-05-29,12:45,"@AirdropStario good project, hopefully in the future it can be even more successful for the team

@Ahssan0011
@Fatama0077
@Rajvai22 

#cryptocurrency #Airdrop #BSC #Bitcoin #USDT #Capricorn #Airdropstario",airdropstario good project hopefully in the future it can be even more successful for the team ahssan0011 fatama0077 rajvai22 cryptocurrency airdrop bsc bitcoin usdt capricorn airdropstario,0.7645161747932434,0.22832368314266205,0.007160080596804619
2022-05-29,12:45,"👋 A new block was found on the #Bitcoin network. We're at block height 738427, current #bitcoin price is $29317.55 and there are 194729997690011 #sats left to mine.",a new block was found on the bitcoin network we are at block height 738427 current bitcoin price is 2931755 and there are 194729997690011 sats left to mine,0.02398402988910675,0.9294986128807068,0.04651731252670288
2022-05-29,12:45,"@ianheinischmma 🐑 Baa Inu 🐑

0x7c49261a0d32f4d7ecc85e57899e40206b214809

✅ New hype, you know what the other animal bro has been up to, it'll be better

✅Features:
✅Trusted Team
✅KYC 
✅Audit 
✅Past experience
#Baa #BaaArmy #Baainu #Bsc #Gem #Bnb #Btc #Shib #doge",ianheinischmma baa inu 0x7c49261a0d32f4d7ecc85e57899e40206b214809 new hype you know what the other animal bro has been up to it will be better trusted team kyc audit past experience baa baaarmy baainu bsc gem bnb btc shib doge,0.17963764071464539,0.8077837228775024,0.012578572146594524
2022-05-29,12:45,"You are diagnosed with a rare form of chronic perspiration, your wife gets breast cancer and you are drafted to fight in a war you don’t support...

#Bitcoin fixes this.
$BTC",you are diagnosed with a rare form of chronic perspiration your wife gets breast cancer and you are drafted to fight in a war you don not support bitcoin fixes this btc,0.031194213777780533,0.866115391254425,0.10269045829772949
2022-05-29,12:45,@realcryptolive @binance What happened  with your big  #BTC short 🤔,realcryptolive binance what happened with your big btc short,0.025987304747104645,0.8681363463401794,0.1058763787150383
2022-05-29,12:45,"🔥 Most have lost hope. Retail ghosted months ago. Yet, #Bitcoin has been manipulated to hold $28,800..  Numbers low as 6k has been argued. The melt-up will leave many behind. I'm not saying to be all-in, but having no exposure will bring much regret. #btc $btc #Crypto",most have lost hope retail ghosted months ago yet bitcoin has been manipulated to hold 28800 numbers low as 6k has been argued the meltup will leave many behind i am not saying to be allin but having no exposure will bring much regret btc btc crypto,0.021845826879143715,0.30673283338546753,0.6714213490486145
2022-05-29,12:45,"Know that Your Condition is not as critical as those I've Handled
Inbox me, If you still want your Account Back!!!
I'm available 24/7 for all Hacking Services
#Hack #coinbase #Hacking #bitcoin   #bnb  #privacy",know that your condition is not as critical as those i have handled inbox me if you still want your account back i am available 247 for all hacking services hack coinbase hacking bitcoin bnb privacy,0.05301130190491676,0.9303727149963379,0.01661597192287445
2022-05-29,12:45,The days get more dry more sad every day it closer to graduation and I just didn’t scare him scared for what comes after. #crypto #nft #NFTCommunity #btc #eth #luna #altcoins #ALTSEASON #BAYC #graduation2022 #graduation #MemorialDay,the days get more dry more sad every day it closer to graduation and i just didn not scare him scared for what comes after crypto nft nftcommunity btc eth luna altcoins altseason bayc graduation2022 graduation memorialday,0.040061596781015396,0.9101293087005615,0.04980912059545517
2022-05-29,12:45,It must be time for $31.5K #BTC,it must be time for 315k btc,0.07525686174631119,0.9062412977218628,0.018501894548535347
2022-05-29,12:45,Current #Bitcoin Price is $29328 #BTC #Crypto,current bitcoin price is 29328 btc crypto,0.020788952708244324,0.9495831727981567,0.02962789498269558
2022-05-29,12:45,"#Art doesn't stop. #NFT neither. Metaverse no way.
#CryptoCurrencies #Bitcoin #Ethereum #NFT #NFTs #NFTCommunity #OtherEconomy #OtraEconomia #Metaverse #Gold #Economia #Finanzas",art does not stop nft neither metaverse no way cryptocurrencies bitcoin ethereum nft nfts nftcommunity othereconomy otraeconomia metaverse gold economia finanzas,0.055909719318151474,0.9200955033302307,0.023994846269488335
2022-05-29,12:45,"@CryptoGemsCom 🐑 Baa Inu 🐑

0x7c49261a0d32f4d7ecc85e57899e40206b214809

✅ New hype, you know what the other animal bro has been up to, it'll be better

✅Features:
✅Trusted Team
✅KYC 
✅Audit 
✅Past experience
#Baa #BaaArmy #Baainu #Bsc #Gem #Bnb #Btc #Shib #doge",cryptogemscom baa inu 0x7c49261a0d32f4d7ecc85e57899e40206b214809 new hype you know what the other animal bro has been up to it will be better trusted team kyc audit past experience baa baaarmy baainu bsc gem bnb btc shib doge,0.18734492361545563,0.8011760711669922,0.011479069478809834
2022-05-29,12:45,Money is a social convention - let the market decide #Bitcoin,money is a social convention let the market decide bitcoin,0.03424183279275894,0.9362227320671082,0.029535401612520218
2022-05-29,12:45,"@WatcherGuru 🐑 Baa Inu 🐑

0x7c49261a0d32f4d7ecc85e57899e40206b214809

✅ New hype, you know what the other animal bro has been up to, it'll be better

✅Features:
✅Trusted Team
✅KYC 
✅Audit 
✅Past experience
#Baa #BaaArmy #Baainu #Bsc #Gem #Bnb #Btc #Shib #doge",watcherguru baa inu 0x7c49261a0d32f4d7ecc85e57899e40206b214809 new hype you know what the other animal bro has been up to it will be better trusted team kyc audit past experience baa baaarmy baainu bsc gem bnb btc shib doge,0.18225602805614471,0.8060343861579895,0.011709569953382015
2022-05-29,12:45,@Noah_HQ @coinkit_ #BTC Thanks,noahhq coinkit btc thanks,0.05682695284485817,0.9299230575561523,0.01325003057718277
2022-05-29,12:45,"@cryptoworld202 🐑 Baa Inu 🐑

0x7c49261a0d32f4d7ecc85e57899e40206b214809

✅ New hype, you know what the other animal bro has been up to, it'll be better

✅Features:
✅Trusted Team
✅KYC 
✅Audit 
✅Past experience
#Baa #BaaArmy #Baainu #Bsc #Gem #Bnb #Btc #Shib #doge",cryptoworld202 baa inu 0x7c49261a0d32f4d7ecc85e57899e40206b214809 new hype you know what the other animal bro has been up to it will be better trusted team kyc audit past experience baa baaarmy baainu bsc gem bnb btc shib doge,0.18068169057369232,0.8076780438423157,0.011640266515314579
2022-05-29,12:45,"Current  #Bitcoin Price: $29,367.64 📈",current bitcoin 2936764,0.022860346361994743,0.9367178678512573,0.04042179509997368
2022-05-29,12:45,"Software to import, interact with, and transfer from multiple #bitcoin private keys?",software to import interact with and transfer from multiple bitcoin private keys,0.04835134372115135,0.9395356178283691,0.012112991884350777
2022-05-29,12:45,@unusual_whales All sales ending Tuesday as in #Bitcoin #AVAX and #MATIC sale ending soon sir because charts are starting to look bewlish on them.,unusualwhales all sales ending tuesday as in bitcoin avax and matic sale ending soon sir because charts are starting to look bewlish on them,0.04855536296963692,0.7555466890335083,0.1958979368209839
2022-05-29,12:45,"@Eljaboom 🐑 Baa Inu 🐑

0x7c49261a0d32f4d7ecc85e57899e40206b214809

✅ New hype, you know what the other animal bro has been up to, it'll be better

✅Features:
✅Trusted Team
✅KYC 
✅Audit 
✅Past experience
#Baa #BaaArmy #Baainu #Bsc #Gem #Bnb #Btc #Shib #doge",eljaboom baa inu 0x7c49261a0d32f4d7ecc85e57899e40206b214809 new hype you know what the other animal bro has been up to it will be better trusted team kyc audit past experience baa baaarmy baainu bsc gem bnb btc shib doge,0.19062075018882751,0.7975616455078125,0.01181760337203741
2022-05-29,12:45,$69K #BTC is the Top. No more. 😏,69k btc is the top no more,0.12257407605648041,0.8652428984642029,0.012182973325252533
2022-05-29,12:45,@CryptoGemsCom @Reflex_Finance ALL DAY EVERY DAY 🔥🔥🔥🔥🔥🔥🔥🔥🔥🔥🔥🔥🔥🔥🔥🔥🚀🚀🚀🚀🚀🚀🚀🚀🚀🚀🚀🚀🚀🟢🟢🟢🟢🟢🟢🟢🟢🟢🟢🟢🟢🟢🟢🟢🟢🟢 #reflex #reflexfinance #reflexlaunchpad #cryptopositive #BSC #bnb #bitcoin #binance,cryptogemscom reflexfinance all day every day reflex reflexfinance reflexlaunchpad cryptopositive bsc bnb bitcoin binance,0.04263908788561821,0.9369227886199951,0.020438099279999733
2022-05-29,12:45,"@CryptoSuperApe 🐑 Baa Inu 🐑

0x7c49261a0d32f4d7ecc85e57899e40206b214809

✅ New hype, you know what the other animal bro has been up to, it'll be better

✅Features:
✅Trusted Team
✅KYC 
✅Audit 
✅Past experience
#Baa #BaaArmy #Baainu #Bsc #Gem #Bnb #Btc #Shib #doge",cryptosuperape baa inu 0x7c49261a0d32f4d7ecc85e57899e40206b214809 new hype you know what the other animal bro has been up to it will be better trusted team kyc audit past experience baa baaarmy baainu bsc gem bnb btc shib doge,0.17609955370426178,0.8125696778297424,0.011330719105899334
2022-05-29,12:45,@pfemiolaleye @PeterObi No be many talk we fit hold this nation for two via #EndSARS parole and food dey go round well and the money was accounted for #Nigeriayouth is time you start the contribution even do say dem done block some account and #Bitcoin dey down make una contribute with coin,pfemiolaleye peterobi no be many talk we fit hold this nation for two via endsars parole and food dey go round well and the money was accounted for nigeriayouth is time you start the contribution even do say dem done block some account and bitcoin dey down make una contribute with coin,0.18258962035179138,0.7921136021614075,0.025296781212091446
2022-05-29,12:45,"@Cryptic_Maestro 🐑 Baa Inu 🐑

0x7c49261a0d32f4d7ecc85e57899e40206b214809

✅ New hype, you know what the other animal bro has been up to, it'll be better

✅Features:
✅Trusted Team
✅KYC 
✅Audit 
✅Past experience
#Baa #BaaArmy #Baainu #Bsc #Gem #Bnb #Btc #Shib #doge",crypticmaestro baa inu 0x7c49261a0d32f4d7ecc85e57899e40206b214809 new hype you know what the other animal bro has been up to it will be better trusted team kyc audit past experience baa baaarmy baainu bsc gem bnb btc shib doge,0.19586724042892456,0.7925795316696167,0.011553257703781128
2022-05-29,12:45,"Shill us the coins you are holding right now!

#Blockchainsecrets #DeFiNews #cryptonews  #LUNAtics  #lunaterra #Etherum #Bitcoin #Cardano #hiddengem #BSC  #bel  #luna2 #1000xgem #AVAX #SOL #SOLANA #stepn #EGLD #rune",shill us the coins you are holding right now blockchainsecrets definews cryptonews lunatics lunaterra etherum bitcoin cardano hiddengem bsc bel luna2 1000xgem avax sol solana stepn egld rune,0.058240167796611786,0.9241162538528442,0.017643630504608154
2022-05-29,12:45,"@BillyM2k 🐑 Baa Inu 🐑

0x7c49261a0d32f4d7ecc85e57899e40206b214809

✅ New hype, you know what the other animal bro has been up to, it'll be better

✅Features:
✅Trusted Team
✅KYC 
✅Audit 
✅Past experience
#Baa #BaaArmy #Baainu #Bsc #Gem #Bnb #Btc #Shib #doge",billym2k baa inu 0x7c49261a0d32f4d7ecc85e57899e40206b214809 new hype you know what the other animal bro has been up to it will be better trusted team kyc audit past experience baa baaarmy baainu bsc gem bnb btc shib doge,0.19921466708183289,0.789532482624054,0.011252891272306442
2022-05-29,12:45,"@DogeorTesla #Bitcoin

lets go!!!",dogeortesla bitcoin lets go,0.06983508169651031,0.909425675868988,0.02073926292359829
2022-05-29,12:45,"#donate #Bitcoin #BTC #cryptocurrency #Health #medical #healthylifestyle #healthtips #SNRTG

Support Health Steps 24 / 7 donate bitcoin ( BTC )  

Address to send BTC :

bc1qyghyhaelgnz8unxtf2tqm78vxs9xd8s6vxfx9j",donate bitcoin btc cryptocurrency health medical healthylifestyle healthtips snrtg support health steps 24 7 donate bitcoin btc address to send btc bc1qyghyhaelgnz8unxtf2tqm78vxs9xd8s6vxfx9j,0.06973587721586227,0.9165247082710266,0.013739409856498241
2022-05-29,12:45,@elonmusk Whe will you return #Bitcoin 4 #Tesla?,elonmusk whe will you return bitcoin 4 tesla,0.06763899326324463,0.9184605479240417,0.013900422491133213
2022-05-29,12:45,"@ryaneshea Ok, I’ll bite. I’ll start. Everything but #Bitcoin is a Ponzi. 

You’re right, that does feel good to say out loud.",ryaneshea ok ill bite ill start everything but bitcoin is a ponzi youre right that does feel good to say out loud,0.1213047057390213,0.8572354912757874,0.021459877490997314
2022-05-29,12:45,"#Bitcoin mempool fees stats in the last minute
Mean = 5165
Median = 2003
Max = 192222
75th Quant = 2849
N.Obs = 139
Interval (fee/vb) = [0 , 32.8]
Block height 738426",bitcoin mempool fees stats in the last minute mean 5165 median 2003 max 192222 75th quant 2849 nobs 139 interval feevb 0 328 block height 738426,0.03855888545513153,0.9142477512359619,0.04719340801239014
2022-05-29,12:45,"#Bitcoin mempool Tx stats in the last minute
Mean = 6.63327
Median = 0.02039
Max = 251.74018
75th Quant = 0.21568
N.Obs = 139.0
Block height 738426",bitcoin mempool tx stats in the last minute mean 663327 median 002039 max 25174018 75th quant 021568 nobs 1390 block height 738426,0.02905387431383133,0.9176102876663208,0.053335774689912796
2022-05-29,12:45,"FACT: One year ago today, #Bitcoin  was $38,64",one year ago today bitcoin was 3864,0.028103001415729523,0.9182705283164978,0.05362642928957939
2022-05-29,12:45,"@Ralvero 🐑 Baa Inu 🐑

0x7c49261a0d32f4d7ecc85e57899e40206b214809

✅ New hype, you know what the other animal bro has been up to, it'll be better

✅Features:
✅Trusted Team
✅KYC 
✅Audit 
✅Past experience
#Baa #BaaArmy #Baainu #Bsc #Gem #Bnb #Btc #Shib #doge",ralvero baa inu 0x7c49261a0d32f4d7ecc85e57899e40206b214809 new hype you know what the other animal bro has been up to it will be better trusted team kyc audit past experience baa baaarmy baainu bsc gem bnb btc shib doge,0.19462046027183533,0.793893575668335,0.011485980823636055
2022-05-29,12:45,"@CapricornFi @Cube0x Strong team, in a predictable and transparent road map, planned and projected. 
I am sure that everything will work out and will be on top!

@Ziarul01977
@Bishal11112
@SohanSarowar

#Airdrops  #Bitcoin #AirdropDetective",capricornfi cube0x strong team in a predictable and transparent road map planned and projected i am sure that everything will work out and will be on top ziarul01977 bishal11112 sohansarowar airdrops bitcoin airdropdetective,0.662312388420105,0.3282250463962555,0.009462513960897923
2022-05-29,12:45,"@Cylumfinance Absolutely brilliant work from this team. It's a really awesome project. It has a bright future. It will go to the moon in future .
@BDEARN360 
@HMTanveer5 
@shafinur513  #CYLUM #CYM #BNB #BSC #cryptocurrency #binance #BTC #ETH",cylumfinance absolutely brilliant work from this team it is a really awesome project it has a bright future it will go to the moon in future bdearn360 hmtanveer5 shafinur513 cylum cym bnb bsc cryptocurrency binance btc eth,0.7093622088432312,0.2820540964603424,0.008583687245845795
2022-05-29,12:45,Carefull everyone there is no volume in this pump #btc,carefull everyone there is no volume in this pump btc,0.04011879488825798,0.9192023873329163,0.040678855031728745
2022-05-29,12:45,"Mehmed the conqueror that conquered Constantinople and brought an end to the Byzantine Empire (29th May 1453) and Claimed the title of Caesar of the Romans by the time was 21.

But 21 year olds today won’t buy #Bitcoin because “it’s risky”",mehmed the conqueror that conquered constantinople and brought an end to the byzantine empire 29th may 1453 and claimed the title of caesar of the romans by the time was 21 but 21 year olds today won not buy bitcoin because its risky,0.05337529256939888,0.8337718844413757,0.11285284161567688
2022-05-29,12:45,Let’s get Bitcoin to $125.000 today.   #Bitcoin,lets get bitcoin to 125000 today bitcoin,0.058648861944675446,0.9222235083580017,0.01912757009267807
2022-05-29,12:45,"@jaygould and most of the millionaires still don't have or even are knowledgeable about #bitcoin.
Imagine what it will do to the price when they start to pile into bitcoin :-)",jaygould and most of the millionaires still do not have or even are knowledgeable about bitcoin imagine what it will do to the price when they start to pile into bitcoin,0.01981058344244957,0.8439170718193054,0.1362723410129547
2022-05-29,12:45,Blaming #bitcoin for #ransomware attacks is like #blaming the #dollar when a #bank is #robbed.,blaming bitcoin for ransomware attacks is like blaming the dollar when a bank is robbed,0.027630960568785667,0.6421522498130798,0.3302168548107147
2022-05-29,12:45,I am an investor who is looking to gain exposure however I do not view #Bitcoin as an investment in the traditional sense. #Bitcoin is going to offer me as an investor non-correlation to any stock market and any economic policy while offering price appreciation in the long-term.,i am an investor who is looking to gain exposure however i do not view bitcoin as an investment in the traditional sense bitcoin is going to offer me as an investor noncorrelation to any stock market and any economic policy while offering price appreciation in the longterm,0.09724080562591553,0.8914274573326111,0.011331752873957157
2022-05-29,12:45,The bulls will be back once I'm able to get enough money to buy the dip... I don't make the rules.... #bitcoin,the bulls will be back once i am able to get enough money to buy the dip i do not make the rules bitcoin,0.06320694088935852,0.9082963466644287,0.02849670685827732
2022-05-29,12:45,"There is a new website, 'dropxbits', does anyone have information about it, like is it genuine or a scam?
#cryptocurrency #cryptotrading #Cryptotwitter #Cryptomarket #Crypto #bitcoin #bnb #binance #Ethereum  #btc #Solana #Trading",there is a new website dropxbits does anyone have information about it like is it genuine or a scam cryptocurrency cryptotrading cryptotwitter cryptomarket crypto bitcoin bnb binance ethereum btc solana trading,0.024945227429270744,0.9494733810424805,0.025581324473023415
2022-05-29,12:45,$CINU will make new #Bitcoin whales.,cinu will make new bitcoin whales,0.11438021808862686,0.8774980306625366,0.00812181644141674
2022-05-29,12:45,"Citizens of the U.S.A. will have to buy #BITCOIN and cryptocurrencies in mega-mass to hedge inflation: Other countries have to be drawn in by large purchases in order to work around our domestic reliance of the dollar. $VOLT, #dogecoin",citizens of the usa will have to buy bitcoin and cryptocurrencies in megamass to hedge other countries have to be drawn in by large purchases in order to work around our domestic reliance of the dollar volt dogecoin,0.2342337965965271,0.7507483959197998,0.015017838217318058
2022-05-29,12:45,"@btctrek Not only will it be inflationary because they will create the money out of thin air, but many people will convert straight to #Bitcoin, immediately devaluing the local currency further. 

They'd be enabling a speculative attack on their own currency by their own citizens 👍",btctrek not only will it be inflationary because they will create the money out of thin air but many people will convert straight to bitcoin immediately devaluing the local currency further they would be enabling a speculative attack on their own currency by their own citizens,0.03386778384447098,0.7595865726470947,0.20654571056365967
2022-05-29,12:45,"🚨 327 #BTC (9,533,864 USD) just transferred 🚨

From:
38kVtcjChnwre2RYgVoAGpJ8TjVmAxefyj

To:
bc1qz66wl4uamyhk928svqjjz3e2403sz6c0veez26

Tx hash:
64d19a24c0e18bbadd8a2eafdaac1388da60e5f365a1b99d96809c993190d9cf

#Bitcoin $BTC",327 btc 9533864 usd just transferred 38kvtcjchnwre2rygvoagpj8tjvmaxefyj bc1qz66wl4uamyhk928svqjjz3e2403sz6c0veez26 tx 64d19a24c0e18bbadd8a2eafdaac1388da60e5f365a1b99d96809c993190d9cf bitcoin btc,0.07593607902526855,0.8907920122146606,0.0332719124853611
2022-05-29,12:45,@Nebraskangooner 9 weekly red candles and #btc isnt volatile?,nebraskangooner 9 weekly red candles and btc isnt volatile,0.05793151259422302,0.9154061675071716,0.02666236273944378
2022-05-29,12:45,My analytics for #Bitcoin today. New support/resistance at 29100/29400 if Bitcoin break the resistance it will hit 30k otherwise it will go down to 29100 test it and go up. Entry at 29450 with target of 30k or 29100 with target of 29400. Good trade,my analytics for bitcoin today new supportresistance at 2910029400 if bitcoin break the resistance it will hit 30k otherwise it will go down to 29100 test it and go up entry at 29450 with target of 30k or 29100 with target of 29400 good trade,0.05217863619327545,0.6417566537857056,0.3060646653175354
2022-05-29,12:45,@APompliano people out there are not even aware of what #Bitcoin is really worth,apompliano people out there are not even aware of what bitcoin is really worth,0.023628804832696915,0.8634073734283447,0.11296384781599045
2022-05-29,12:45,"@HarleyNFT_ 🐑 Baa Inu 🐑

0x7c49261a0d32f4d7ecc85e57899e40206b214809

✅ New hype, you know what the other animal bro has been up to, it'll be better

✅Features:
✅Trusted Team
✅KYC 
✅Audit 
✅Past experience
#Baa #BaaArmy #Baainu #Bsc #Gem #Bnb #Btc #Shib #doge",harleynft baa inu 0x7c49261a0d32f4d7ecc85e57899e40206b214809 new hype you know what the other animal bro has been up to it will be better trusted team kyc audit past experience baa baaarmy baainu bsc gem bnb btc shib doge,0.19872544705867767,0.7900396585464478,0.011234869249165058
2022-05-29,12:45,"What happens first for #Bitcoin ?

$20,000                $40,000
👇                                👇",what happens first for bitcoin 20000 40000,0.02188517339527607,0.9450075626373291,0.033107295632362366
2022-05-29,12:45,"@cryptostoner420 @DaoXuanTu10 I think it takes time for people (at least that was the case for me) to fully understand, and with that apreciate #Bitcoin. We're all learning and evolving, what happened to Terra will benefit this space in the long run, still I hate seeing so many people being hurt so bad",cryptostoner420 daoxuantu10 i think it takes time for people at least that was the case for me to fully understand and with that apreciate bitcoin we are all learning and evolving what happened to terra will benefit this space in the long run still i hate seeing so many people being hurt so bad,0.15497106313705444,0.7993815541267395,0.04564732685685158
2022-05-29,12:45,"💥BREAKING: #Crypto Analyst Says #Bitcoin Capitulation Imminent, Updates Outlook on #Ethereum, #Solana and One More Altcoin  -  @TheDailyHodl #cryptonews",crypto analyst says bitcoin capitulation imminent updates outlook on ethereum solana and one more altcoin thedailyhodl cryptonews,0.07349364459514618,0.896155595779419,0.030350787565112114
2022-05-29,12:45,"So.. who got Uber bearish at major support AGAIN? it’s free bid everytime guys.. until it isn’t. 

#Bitcoin #btc",so who got uber bearish at major support again its free bid everytime guys until it isn not bitcoin btc,0.07624971121549606,0.8626795411109924,0.06107073649764061
2022-05-29,12:45,#BTC is now at $29325.71,btc is now at 2932571,0.032056622207164764,0.9279625415802002,0.03998082876205444
2022-05-29,12:45,"In the longer term, say a year, we continue to rebirth NFT, #content, and the Metaverse. What's coming...
#CryptoCurrencies #Bitcoin #Ethereum #NFT #NFTs #NFTCommunity #OtherEconomy #OtraEconomia #Metaverse #Gold #Economia #Finanzas",in the longer term say a year we continue to rebirth nft content and the metaverse what is coming cryptocurrencies bitcoin ethereum nft nfts nftcommunity othereconomy otraeconomia metaverse gold economia finanzas,0.11936427652835846,0.8682082295417786,0.012427473440766335
2022-05-29,12:45,"@oldsoulphil @MonetaryFrame I don’t doubt your sincerity here but I do not think this is possible. Our elected representatives have little incentive to change the power dynamic. 

I do hope you become politically active to push for positive change like this. However, I will continue to build on #bitcoin",oldsoulphil monetaryframe i don not doubt your sincerity here but i do not think this is possible our elected representatives have little incentive to change the power dynamic i do hope you become politically active to push for positive change like this however i will continue to build on bitcoin,0.5566164255142212,0.43201926350593567,0.011364355683326721
2022-05-29,12:45,Don’t be ignorant to these words Read our $Cult manifesto 🍭🎭Talk about it#crypto #wearethepeople #BTC #Defi,don not be ignorant to these words read our cult manifesto talk about itcrypto wearethepeople btc defi,0.030927883461117744,0.934099555015564,0.03497261181473732
2022-05-29,12:45,@yatyay Is the fluctuation of #BTC  within 48 hours the arrival of a bull market or a bear market?,yatyay is the fluctuation of btc within 48 hours the arrival of a bull market or a bear market,0.02406487986445427,0.9215993881225586,0.05433570593595505
2022-05-29,12:45,"There's two cults in CT:

Perma-bears been bearish since 64K #BTC

Perma-bulls been bullish since 64K #BTC 

None of them have changed their bias during the massive range we had 30K - 69K #Bitcoin

I find that all of them are youtubers uploading 24/7,I guess you know the reason💡",there is two cults in permabears been bearish since 64k btc permabulls been bullish since 64k btc none of them have changed their bias during the massive range we had 30k 69k bitcoin i find that all of them are youtubers uploading 247i guess you know the reason,0.06350624561309814,0.8985047936439514,0.03798892721533775
2022-05-29,12:45,"#SOL NFT projects that I have secured WL

@NewDegenOrder
@Wolfies_NFT
@SolMonkeyDojo
@SumptuousStalls 
@TrippinBunnies_
@nifty_pandaz

In progress

@crazycatznft @PrinceChi314 👀🙏
 
@BloodBatsNFT @oCalebSol 👀🙏

#NFTs #SolanaSummer #nftsol #solnft #crypto #jpegs #eth #btc",sol nft projects that i have secured wl newdegenorder wolfiesnft solmonkeydojo sumptuousstalls trippinbunnies niftypandaz in progress crazycatznft princechi314 bloodbatsnft ocalebsol nfts solanasummer nftsol solnft crypto jpegs eth btc,0.10147961229085922,0.8867712616920471,0.011749086901545525
2022-05-29,12:45,"Symbol:  ANT/USDT
Market:  Binance

💱 Buy in range: 1.775475 - 1.821

☑️ Short Term:  1.9154
☑️ Mid Term:  2.0531
☑️ Long Term:  2.3606

⛔️ Stop Loss:  1.725

#ant #antusdt #btc #kripto #kriptocoin",antusdt binance buy in 1775475 1821 short 19154 mid 20531 long 23606 stop 1725 ant antusdt btc kripto kriptocoin,0.05756441503763199,0.917041003704071,0.025394516065716743
2022-05-29,12:45,#Bitcoin still struggling in the high 20's,bitcoin still struggling in the high 20 s,0.01891288161277771,0.02196592651307583,0.9591211676597595
2022-05-29,12:45,"@100trillionUSD in my opinion #Bitcoin is an indomitable beast, it is beyond good and evil. You go up or you stay postponed. I think we have all been offside, it is time to shut up and teach #Bitcoin beyond its price.",100trillionusd in my opinion bitcoin is an indomitable beast it is beyond good and evil you go up or you stay postponed i think we have all been offside it is time to shut up and teach bitcoin beyond its price,0.10364740341901779,0.8171659708023071,0.07918669283390045
2022-05-29,12:45,"@ampleswap This is look so majestic
Very impressive project

@alin_ubai 
@dhynasiimocil 
@Mridwann02 

#AmpleSwap #Bitcoin #BNBChain #LUNA",ampleswap this is look so majestic very impressive project alinubai dhynasiimocil mridwann02 ampleswap bitcoin bnbchain luna,0.3481312394142151,0.642067015171051,0.009801745414733887
2022-05-29,12:45,"@BNBSwap Join #AirCoin community with 200,000 people in more than 40 countries around the world.💥

#AirCoinDAOLabs @Aircoinreal #AIR $AIR  #BSC #BNB #AirCash #ElonMusk #Binance #cryptocurrency #BTC #ETH #DAO #blockchain 
🔥 #BUYAIR
🔥 #IRAN_ARMY_AIR 🇮🇷",bnbswap join aircoin community with 200000 people in more than 40 countries around the world aircoindaolabs aircoinreal air air bsc bnb aircash elonmusk binance cryptocurrency btc eth dao blockchain buyair iranarmyair,0.19623738527297974,0.795458972454071,0.008303706534206867
2022-05-29,12:45,@TheMoonCarl Little gains still very disappointing idk why I thought #luna2 would help me recover my loss of #luna #crypto #btc #eth #ALTSEASON,themooncarl little gains still very disappointing idk why i thought luna2 would help me recover my loss of luna crypto btc eth altseason,0.13431841135025024,0.808925449848175,0.0567561574280262
2022-05-29,12:45,Current #Bitcoin Price is $29352 #BTC #Crypto,current bitcoin price is 29352 btc crypto,0.02354257181286812,0.9491661787033081,0.027291323989629745
2022-05-29,12:45,@TheGlaxius Wow the future technology is hear ✅🤝💢💥🪄😌 #bnb #btc #nft,theglaxius wow the future technology is hear bnb btc nft,0.05777707323431969,0.9318386316299438,0.01038434263318777
2022-05-29,12:45,Time to fuck all shorts #BTC,time to fuck all shorts btc,0.03807138279080391,0.9177643060684204,0.0441642589867115
2022-05-29,12:45,It's over #CoronavirusPandemic   #Bitcoin,it is over coronaviruspandemic bitcoin,0.08531104028224945,0.9037697315216064,0.010919190011918545
2022-05-29,12:45,"@AirdropDet #Airdrops #VERASAW #Bitcoin #AirdropDetective 
Great Project
Join
@mohana3061
@behrooz02075497
@Arad86346165
@maral7m
@abdolla96321963",airdropdet airdrops verasaw bitcoin airdropdetective great project join mohana3061 behrooz02075497 arad86346165 maral7m abdolla96321963,0.057612862437963486,0.9235604405403137,0.018826700747013092
2022-05-29,12:45,"🚨 252 #BTC (7,335,135 USD) just transferred 🚨

From:
3JSWK3TFVLz2bBHnUqmFZb8Wwoh9yTwrRv

To:
bc1qn45ket2vgpcqg4puswjmt7dgujeq2nlt9e02tf

Tx hash:
5f47e053412a57f5a30cbc241cd60909fb3bac303930cb7a11b6e5578f46268d

#Bitcoin $BTC",252 btc 7335135 usd just transferred 3jswk3tfvlz2bbhnuqmfzb8wwoh9ytwrrv bc1qn45ket2vgpcqg4puswjmt7dgujeq2nlt9e02tf tx 5f47e053412a57f5a30cbc241cd60909fb3bac303930cb7a11b6e5578f46268d bitcoin btc,0.07075036317110062,0.8997915387153625,0.02945810556411743
2022-05-29,12:45,TheCryptoLark Yeah this bear market has got #bitcoin down and it’s gunna be down for a while.😞 #cryptocurrency TheCryptoLark,thecryptolark yeah this bear market has got bitcoin down and its gunna be down for a while cryptocurrency thecryptolark,0.011118796654045582,0.050800621509552,0.9380805492401123
2022-05-29,12:45,"Imagine for a few minute- what happend with Luna can be happen with USDT!- and is not a joke- is reality!..Stay tune maybe will come!

#cryptotrading #USDT #Decentralization #Bitcoin #BTC #dogelon #RealAngels #REALITY #USD #Binance #BNB #LTC #cryptotrading #lunaterra #TerraUSD",imagine for a few minute what happend with luna can be happen with usdt and is not a joke is realitystay tune maybe will come cryptotrading usdt decentralization bitcoin btc dogelon realangels reality usd binance bnb ltc cryptotrading lunaterra terrausd,0.042535338550806046,0.9355972409248352,0.021867426112294197
2022-05-29,12:45,"""Good fortune is when opportunity meets preparation."" - #Bitcoin",good fortune is when opportunity meets preparation bitcoin,0.09709775447845459,0.8781982660293579,0.02470390684902668
2022-05-29,12:45,"@alifarhat79 I‘m happy that my entire net worth is in the hands of no one. 

Buy #Bitcoin",alifarhat79 im happy that my entire net worth is in the hands of no one buy bitcoin,0.04297402873635292,0.8957838416099548,0.061242129653692245
2022-05-29,12:45,Shill me the next 100x gem 💎⬇️#SHIBARMY #Blockchain #BTC  #SAFEMOON #Cryptos #dogecoin #ETH #cro #ElonMusk #dogecoin #NF…,shill me the next 100x gem shibarmy blockchain btc safemoon cryptos dogecoin eth cro elonmusk dogecoin nf,0.06546001881361008,0.9202716946601868,0.014268256723880768
2022-05-29,12:45,@DogeorTesla @APICPUNK Nice #Bitcoin,dogeortesla apicpunk nice bitcoin,0.0561811588704586,0.9253194332122803,0.01849944330751896
2022-05-29,12:45,"Whatever pump we have from here will only be for #btc 

All Alts will continually remain stagnant….",whatever pump we have from here will only be for btc all alts will continually remain stagnant,0.06365079432725906,0.6283480525016785,0.30800116062164307
2022-05-29,12:45,@beeforbacon1 @elonmusk #Bitcoin fixes this,beeforbacon1 elonmusk bitcoin fixes this,0.093204565346241,0.8584395051002502,0.04835596680641174
2022-05-29,12:45,"🚨 170 #BTC (4,964,855 USD) just transferred 🚨

From:
3Q2UyDXQXn5PVMXZnGYe449RCT28N663X5

To:
bc1qqa3wcj65zdvr967p5u3eg9sm5w3rc4j7844uly

Tx hash:
3ff9f6ccf77f46f8870fa5c1b831d95f101c307f66a72692614dfc3fbf99998a

#Bitcoin $BTC",170 btc 4964855 usd just transferred 3q2uydxqxn5pvmxzngye449rct28n663x5 bc1qqa3wcj65zdvr967p5u3eg9sm5w3rc4j7844uly tx 3ff9f6ccf77f46f8870fa5c1b831d95f101c307f66a72692614dfc3fbf99998a bitcoin btc,0.08627546578645706,0.8730948567390442,0.040629737079143524
2022-05-29,12:45,"Happy Sunday folks 
 We want another pizza 🍕 Sunday @binance @TrustWallet 
Don’t forget I’m still open for business 
#Bitcoin 
#investment",happy sunday folks we want another pizza sunday binance trustwallet don not forget im still open for business bitcoin investment,0.0785716325044632,0.9009153842926025,0.020512918010354042
2022-05-29,12:45,"Do you think the wealthy are going to accept a CBDC an place their accumulated wealth at risk?

#Bitcoin",do you think the wealthy are going to accept a cbdc an place their accumulated wealth at risk bitcoin,0.11143404245376587,0.8703896403312683,0.018176306039094925
2022-05-29,12:45,create twitter tasks and pay with #bitcoin #ethereum #litecoin #nft #airdrop with @jobboycom,create twitter tasks and pay with bitcoin ethereum litecoin nft airdrop with jobboycom,0.03466211259365082,0.9412561058998108,0.024081749841570854
2022-05-29,12:45,@btctrek CBDC handout converted straight to #Bitcoin = U₿I 👍,btctrek cbdc handout converted straight to bitcoin ui,0.07085400819778442,0.9149652123451233,0.014180788770318031
2022-05-29,12:45,@FA_Touadera #Bitcoin can transform Central African Republic into a modern country. #WakandaForever,fatouadera bitcoin can transform central african republic into a modern country wakandaforever,0.19464358687400818,0.7943599820137024,0.010996505618095398
2022-05-29,12:45,"@danweintraub Respectfully…

I am a libertarian because I do not trust group think or the government.  

I do not want to be part of your collectivism. 

However the beautiful thing is that…

#bitcoin  protects you from me and me from you.",danweintraub respectfully i am a libertarian because i do not trust group think or the government i do not want to be part of your collectivism however the beautiful thing is that bitcoin protects you from me and me from you,0.04859502241015434,0.9154546856880188,0.035950254648923874
2022-05-29,12:45,@OuroborosOmega @CornucopiasGame @cardano_whale @hoskytoken @cryptorecruitr Biggest cash grab ever seen metaverse project like @CornucopiasGame  costing $250 to $700 to mint a NFT! @Eikonikos_HQ is the better mint! #Metaverse #P2E #GameFi #ADA #DeFi #BTC,ouroborosomega cornucopiasgame cardanowhale hoskytoken cryptorecruitr biggest cash grab ever seen metaverse project like cornucopiasgame costing 250 to 700 to mint a nft eikonikoshq is the better mint metaverse p2e gamefi ada defi btc,0.2274930626153946,0.761303722858429,0.011203210800886154
2022-05-29,12:45,"What if

#bitcoin drops 50%

#Ethereum pumps 20% deu to eth 2.0 merge

FLIPPENING IN THE FUCKING BEAR MARKET!",what if bitcoin drops 50 ethereum pumps 20 deu to eth 20 merge flippening in the fucking bear market,0.032597098499536514,0.45363950729370117,0.5137633681297302
2022-05-29,12:45,"UNITE!
Everything moves faster when we are together! I want IDEAS, quality IDEAS!
We HAVE to catch Spiderman, and we have to implement #cryptocurrency in our daily lives!
For EVERYONE!
#Bitcoin #blockchain  #Crypto #SpiderMan #world",unite everything moves faster when we are together i want ideas quality ideas we have to catch spiderman and we have to implement cryptocurrency in our daily lives for everyone bitcoin blockchain crypto spiderman world,0.051799848675727844,0.9285855889320374,0.01961461640894413
2022-05-29,12:45,@ColinDMello Is THIS when you were paid to serve @fordnation ???? #Bitcoin hoarders,colindmello is this when you were paid to serve fordnation bitcoin hoarders,0.038014985620975494,0.9209875464439392,0.04099748283624649
2022-05-29,12:45,What happens when the #Bitcoin price drops too low and the miners out there can’t afford the electricity to run them? #POS,what happens when the bitcoin price drops too low and the miners out there can not afford the electricity to run them pos,0.02390407584607601,0.5407001376152039,0.435395747423172
2022-05-29,12:45,@BitFuFu1 Hi Dear what s up #BTC PUMP IT UP,bitfufu1 hi dear what up btc pump it up,0.054665934294462204,0.9153245687484741,0.030009552836418152
2022-05-29,12:45,"#DFBTC #BTC #Bitcoin #Defi #Ethereum When all scams are exposed, decentralization is particularly important. The new Defi is coming, and DFBTC is the future",dfbtc btc bitcoin defi ethereum when all scams are exposed decentralization is particularly important the new defi is coming and dfbtc is the future,0.10756298154592514,0.8820210099220276,0.010416044853627682
2022-05-29,12:45,"@rovercrc Thanks for the confirmation, now I’m 99.99999999% that #Bitcoin will hit at least $19k in the upcoming weeks, #cryptocurrency bear market is not over 😁.
an advise : tweet “I’m waiting for #Bitcoin at $20k” if you want the market to flip bullish 😂😂",rovercrc thanks for the confirmation now im 9999999999 that bitcoin will hit at least 19k in the upcoming weeks cryptocurrency bear market is not over an advise tweet im waiting for bitcoin at 20k if you want the market to flip bullish,0.32857105135917664,0.6477524638175964,0.023676495999097824
2022-05-29,12:45,"Pairs:ETHUSDT 
 BUY:1811.53000 
 Time :5/29/2022 6:03:18 PM
 Average Decision: 60.50095OneHour 
 Estimated Direction: UP
 #BTC #CHZGBP #Bitcoin #RSİ #Bollinger -It is not investment advice. You can visit our profile for your own alarms. YTD. 3:31:58 PM",time pm average 6050095onehour estimated up btc chzgbp bitcoin rsi bollinger it is not investment advice you can visit our profile for your own alarms ytd pm,0.02924436703324318,0.9462822079658508,0.024473432451486588
2022-05-29,12:45,"@AirdropStario Thanks for giving us this great opportunity. I'm supporting. Best project congratulations, growth and success

@NovitaR11141793  @sinminho6 @net_aingmacan

#cryptocurrency #Airdrop #BSC #Bitcoin #BitcoinInu #BINU #Airdropstario",airdropstario thanks for giving us this great opportunity i am supporting best project congratulations growth and success novitar11141793 sinminho6 netaingmacan cryptocurrency airdrop bsc bitcoin bitcoininu binu airdropstario,0.6618233919143677,0.32851967215538025,0.009656984359025955
2022-05-29,12:45,"Pair: BTCUSDT
Pos: ⬇ Short Opened

Algo: Reversal
Time: 5/29/2022 12:31:59 PM UTC

Prev Price: 29164.095
Curr Price: 29374.695

Version: 62.10
#Automated #Algorithmic #Bitcoin #TradingBot #CryptoBot #CryptoSignals",btcusdt short opened reversal 5292022 pm utc prev 29164095 curr 29374695 6210 automated algorithmic bitcoin tradingbot cryptobot cryptosignals,0.0417206697165966,0.9330567121505737,0.025222623720765114
2022-05-29,12:45,"If you don't like this idea, great #illustration $UBER $KCS #btc #cat",if you do not like this idea great illustration uber kcs btc cat,0.043487679213285446,0.939558744430542,0.01695355772972107
2022-05-29,12:45,@TheGuySwann @PeterMcCormack Hoping for a #btc lightning verification or something! Anything to get rid of the bots and general leeches/thieves.,theguyswann petermccormack hoping for a btc lightning verification or something anything to get rid of the bots and general leechesthieves,0.04659932106733322,0.873708963394165,0.07969178259372711
2022-05-29,12:45,"Few understand that the debt market controls the stock market. Until that goes pop, I still believe all markets will make new highs. The stock market is a derivative of the debt market. The #US10Y is what you should be focusing on right now. 

#btc #spx #nasdaq",few understand that the debt market controls the stock market until that goes pop i still believe all markets will make new highs the stock market is a derivative of the debt market the us10y is what you should be focusing on right now btc spx nasdaq,0.04320339486002922,0.9349275231361389,0.021869128569960594
2022-05-29,12:45,"@cryptoworld202 After I got to know what the $SYS roadmap entails, such as implementation of ZKRollups, Validium, and DAOSYS, which is a new kind of DAO that aims to provide governance-free treasury management and self-sovereignty for all.

I chose $SYS along with #BTC as  my favorite projects",cryptoworld202 after i got to know what the sys roadmap entails such as implementation of zkrollups validium and daosys which is a new kind of dao that aims to provide governancefree treasury management and selfsovereignty for all i chose sys along with btc as my favorite projects,0.12600067257881165,0.8644874691963196,0.009511865675449371
2022-05-29,12:45,"@Raiderr0 @CryptoThro 🐑 Baa Inu 🐑

0x7c49261a0d32f4d7ecc85e57899e40206b214809

✅ New hype, you know what the other animal bro has been up to, it'll be better

✅Features:
✅Trusted Team
✅KYC 
✅Audit 
✅Past experience
#Baa #BaaArmy #Baainu #Bsc #Gem #Bnb #Btc #Shib #doge",raiderr0 cryptothro baa inu 0x7c49261a0d32f4d7ecc85e57899e40206b214809 new hype you know what the other animal bro has been up to it will be better trusted team kyc audit past experience baa baaarmy baainu bsc gem bnb btc shib doge,0.18094095587730408,0.8075724840164185,0.011486629024147987
2022-05-29,12:45,"60$  🎉🥳 | 2Days

Follow @NexconNoro 
and retweet only

#cryptocurrency #BNB #lunaterra #BTS_Proof #Bitcoin #followback",60 2days follow nexconnoro and retweet only cryptocurrency bnb lunaterra btsproof bitcoin followback,0.07751347124576569,0.9117950201034546,0.010691514238715172
2022-05-29,12:45,@ColinDMello @ColinDMello is #COMPROMISED.. Were you paid in #Bitcoin by chance???,colindmello colindmello is compromised were you paid in bitcoin by chance,0.030204374343156815,0.9030368328094482,0.06675880402326584
2022-05-29,12:45,"🥇🥈🥉 Largest Crypto
📊 Current Prices 🎭

BTC-USD: #N/A
BTC-EUR: #N/A
ETH-USD: #N/A
ETH-EUR: #N/A
LTC-USD: #N/A
LTC-EUR: #N/A
XRP-USD: #N/A
XRP-EUR: #N/A

#BItcoin #ETH",largest crypto current prices na na na na na na na na bitcoin eth,0.03324667364358902,0.9458640217781067,0.02088930644094944
2022-05-29,12:45,"Will $BTC reach 100k$ in 2022 
#BTC",will btc reach 100k in 2022 btc,0.13683082163333893,0.8498845100402832,0.01328470278531313
2022-05-29,12:45,@DogeorTesla #Bitcoin done sir,dogeortesla bitcoin done sir,0.07123024761676788,0.9091891050338745,0.019580602645874023
2022-05-29,12:45,"@Crypto__emily I'm bullish on #BTC, #Solana and also $CVP.

It is also a good time to stake $TORN in the $PPORN vault for auto-compounded returns.",cryptoemily i am bullish on btc solana and also cvp it is also a good time to stake torn in the pporn vault for autocompounded returns,0.19652453064918518,0.7890893220901489,0.014386186376214027
2022-05-29,12:45,BREAKING: The US dollar just crashed another 6% against Bitcoin today.   #Bitcoin,the us dollar just crashed another 6 against bitcoin today bitcoin,0.7622262239456177,0.07672533392906189,0.16104847192764282
2022-05-29,12:45,"@Bridgeswap_Dex the event was quite a memorable event with quite a good number of the community members thrilled and treated with amazing rewards, great one guys!
#BRIDGESWAP #CRYPTO #BTC #BINANCE",bridgeswapdex the event was quite a memorable event with quite a good number of the community members thrilled and treated with amazing rewards great one guys bridgeswap crypto btc binance,0.6876019835472107,0.30067962408065796,0.011718375608325005
2022-05-29,12:45,"🚨 349 #BTC (10,175,309 USD) just transferred 🚨

From:
37qkz5b3XbGEax38HPfN7FABUz7FxdYy5r

To:
bc1qcqgqql0e2a3fwdrg9mmn0h560qavssp5lfc839

Tx hash:
d53b12f0068b1f2f960718feb99501efa9faec3e8f3f5f89c55dcca769ff0575

#Bitcoin $BTC",349 btc 10175309 usd just transferred 37qkz5b3xbgeax38hpfn7fabuz7fxdyy5r bc1qcqgqql0e2a3fwdrg9mmn0h560qavssp5lfc839 tx d53b12f0068b1f2f960718feb99501efa9faec3e8f3f5f89c55dcca769ff0575 bitcoin btc,0.07377451658248901,0.8920590281486511,0.034166451543569565
2022-05-29,12:45,@FA_Touadera #Bitcoin only. Please dont fall for any scams.,fatouadera bitcoin only please dont fall for any scams,0.024783598259091377,0.914523720741272,0.0606926828622818
2022-05-29,12:45,"My #BIT1 s are my baby s 😍

Best team Best project with best program 🧨💎  

#BTC #Bitcoin #Crypto #Biconomyexchange #BITToTheMoon #cryptocurrency
#CryptocurrencyNews #NFTCommunity #BITToken #DeFi #blockchain #Binance #Kucoin 
@Biconomy_Global 
@SheludkoDmitriy 
@rocket__crypto",my bit1 are my baby best team best project with best program btc bitcoin crypto biconomyexchange bittothemoon cryptocurrency cryptocurrencynews nftcommunity bittoken defi blockchain binance kucoin biconomyglobal sheludkodmitriy rocketcrypto,0.49082106351852417,0.49821504950523376,0.010963835753500462
2022-05-29,12:45,"Twenty-nine thousand, four hundred nine!

#Bitcoin",twentynine thousand four hundred nine bitcoin,0.03330133855342865,0.9259562492370605,0.040742386132478714
2022-05-29,12:45,"Tempting to buy Bitcoin. Yes of course!
#CryptoCurrencies #Bitcoin #Ethereum #NFT #NFTs #NFTCommunity #OtherEconomy #OtraEconomia #Metaverse #Gold #Economia #Finanzas",tempting to buy bitcoin yes of course cryptocurrencies bitcoin ethereum nft nfts nftcommunity othereconomy otraeconomia metaverse gold economia finanzas,0.06772849708795547,0.9160088300704956,0.016262654215097427
2022-05-29,12:45,Current #Bitcoin Price is $29359 #BTC #Crypto,current bitcoin price is 29359 btc crypto,0.020244993269443512,0.9497578740119934,0.02999720349907875
2022-05-29,12:45,Dont forget to take profit if you see chart 100k$ #BTC start to show up again.,dont forget to take profit if you see chart 100k btc start to show up again,0.13131816685199738,0.8530053496360779,0.015676448121666908
2022-05-29,12:45,"🚨 273 #BTC (7,973,169 USD) just transferred 🚨

From:
3KGNzbLC45Jjh9MjHCa3MzDDFX5QvP2aWK

To:
bc1qmt58r4zjy2h4aftk7x20nayjynusr4jruaucfy

Tx hash:
0d52bd32e80f44842087141d631295fd04f183a7b8223a90c40a416792035573

#Bitcoin $BTC",273 btc 7973169 usd just transferred 3kgnzblc45jjh9mjhca3mzddfx5qvp2awk bc1qmt58r4zjy2h4aftk7x20nayjynusr4jruaucfy tx 0d52bd32e80f44842087141d631295fd04f183a7b8223a90c40a416792035573 bitcoin btc,0.09091077744960785,0.8696666359901428,0.03942251205444336
2022-05-29,12:45,spend #cryptocurrency #litecoin #bitcoin #eth on @jobboycom,spend cryptocurrency litecoin bitcoin eth on jobboycom,0.07527776062488556,0.8924344182014465,0.0322878360748291
2022-05-29,12:45,"[₿] #Bitcoin Daily $BTC [₿]

Kraken❯
A:$29,342 L:$28,820 H:$29,437
Bitstamp❯
A:$29,345 L:$28,760 H:$29,451
Bitfinex❯
A:$29,376 L:$28,770 H:$29,699

Market Cap: $558,900,945,077
24h Volume: $1,734,095,366
24h: 1.30%  7d: 1.12%",bitcoin daily btc kraken bitstamp bitfinex market 558900945077 24h 1734095366 130 112,0.039127618074417114,0.9317794442176819,0.029093001037836075
2022-05-29,12:45,"#Bitcoin 📊 Stock-to-Flow

S2F Multiple: 0.27

S2F Price:
🇺🇸 U$ 110.201,98
🇧🇷 R$ 524.692,51

Last Price:
🇺🇸 U$ 29.366,19
🇧🇷 R$ 139.818,00

#MurrayRothbotStockToFlow",bitcoin stocktoflow s2f 027 s2f u 11020198 r 52469251 last u 2936619 r 13981800 murrayrothbotstocktoflow,0.06163385882973671,0.9037991166114807,0.03456705063581467
