,Date,Tweet Text,Retweet Count,Favorite Count,Username,User follower count,ID
0,Thu Apr 28 22:45:27 +0000 2022,"Hey NERDS, hope everyone had a fantastic THOT(That hoe over there) Thursday! Hope you followed them THOTS, with some tasty Tequila from @Patron, maybe in the form of a tequila sunrise! #mayc #bayc #APECOIN #nft #eth #floor #NFLDraft2022 #THOT #FRAT #fratboy",0,0,FratBoyQuokFred,70,1519810050486898689
1,Thu Apr 28 22:45:27 +0000 2022,"@cryptogems555 Hey Crypto investor, $Luffy will be the shining star of #Altseasson2022🌟

👉New Exchanges
👉#BSC Bridge
👉Stake 2 earn
👉#NFT Market place
👉#P2E Game
👉Crypto expo at Singapore
👉Celebrities
And more...

Follow @luffyinutoken
#LuffyToken #Luffy #LUFFYCREW #LUFFYARMY #ETH #BTC https://t.co/bbt6DWyy4L",0,0,AidenCrypto7,208,1519810049148870659
2,Thu Apr 28 22:45:26 +0000 2022,"We exchange crypto currencies.  
We exchange certain cryptocurrencies in 1:1.2 ratio.
For example, Giving $100 worth of #bitcoin , Immediately exchanging it for $110-120 worth of #Ethereum
telegram: @exc00
Take an opportunity
#BTC #XRP",0,0,rete23142,1,1519810044811833344
3,Thu Apr 28 22:45:23 +0000 2022,@TOPNFTLV @PunksNFTLV Wooooow is the best 💯l Love you   0x8fbF76cA3c180b5370e048dC11cDfC84D7AbBcb1  #cryptocurrecy #BTC #Ethereum #shiba #Dog #SOL #BNB #BSC #NFTCollection #Giveaway,0,0,Avacrypt0,202,1519810032807952385
4,Thu Apr 28 22:45:20 +0000 2022,"@shibabetscasino @veefriends 📍The #SHIBABETS #MembersOnly #P2E Gaming #Metaverse 📍. See you there, Heart Trooper🚀🚀 

 #NFTs #NFTCollectors #Crypto #NFTCommunity #Blockchain #ETH #NFTcollectibles #MetaverseNFT #ethereum #BETAVERSE https://t.co/th1irv1LE9",0,0,SBCC_HLYSMK,1028,1519810022598868992
5,Thu Apr 28 22:45:07 +0000 2022,My #ETH address:0x3eFce264d280bC80DB719A0B382a89dcC3b49274,0,0,ChoppchoppM,0,1519809966630187009
6,Thu Apr 28 22:45:06 +0000 2022,@SabianNFT Wooooow is the best 💯l Love you   0x8fbF76cA3c180b5370e048dC11cDfC84D7AbBcb1  #cryptocurrecy #BTC #Ethereum #shiba #Dog #SOL #BNB #BSC #NFTCollection #Giveaway,0,0,Avacrypt0,202,1519809963077550083
7,Thu Apr 28 22:45:03 +0000 2022,"#erc20gas #ETH #crypto 
⛽️Auto 15Min ETH Gas Tracking⛽️

GWEI:
Low: 40 gwei
Avg: 41 gwei
High: 41 gwei

Opensea: Sale
Low: $23.64
Avg: $24.23
High: $24.23

Uniswap V3: Swap
Low: $21.56
Avg: $22.10
High: $22.10

USDT: Transfer
Low: $6.32
Avg: $6.48
High: $6.48",0,0,Erc20Gas,657,1519809952042430465
8,Thu Apr 28 22:44:32 +0000 2022,Slow 20 | Normal 22 | Fast 51.9 | Instant 54.5 👈 current Ethereum gas prices in gwei. DM me a price and I will DM you as soon as gas drops below that price 👍 #Ethereum #GasPrice #ETHGasPrice #ETH,0,0,ETHGasPriceBot,1164,1519809822237114371
9,Thu Apr 28 22:44:16 +0000 2022,@onlyoneinthis $1 dollar in my #Ethereum please 0x2A192E4985C06A50bBd2D047c67564F18C65f64d,0,0,cheezewiz1,175,1519809751235792897
10,Thu Apr 28 22:44:03 +0000 2022,Requesting #fUSDC on the @fluiditymoney #ethereum faucet! e9452bd06c5eaad3eb5287fa7e48b964 #fluiditymoney,0,0,ImmaculateEdwi1,574,1519809700660924425
11,Thu Apr 28 22:43:49 +0000 2022,there is no point in minting your own project or buying into another one for the next 48-72 hours. @yugalabs and @Otherside__Meta own these hours now. buy #APE and #APEcoin. everything else for the time being is a waste of time and money lol #NFT #NFTCommunity #Ethereum 🚀,0,5,WalletDuctape,8,1519809638665003008
12,Thu Apr 28 22:43:27 +0000 2022,@Nftbro_ @DopeWormsClub Wooooow is the best 💯l Love you   0x8fbF76cA3c180b5370e048dC11cDfC84D7AbBcb1  #cryptocurrecy #BTC #Ethereum #shiba #Dog #SOL #BNB #BSC #NFTCollection #Giveaway,0,0,Avacrypt0,202,1519809547237572608
13,Thu Apr 28 22:42:38 +0000 2022,"Keep #hodling. Vc's need that exit liquidity. 
Only the strongest #Alphas are hodlers.
#crypto #eth #btc",0,0,nft_deep,49,1519809341062369284
14,Thu Apr 28 22:42:18 +0000 2022,Slow 20 | Normal 23 | Fast 53.1 | Instant 66.7 👈 current Ethereum gas prices in gwei. DM me a price and I will DM you as soon as gas drops below that price 👍 #Ethereum #GasPrice #ETHGasPrice #ETH,0,0,ETHGasPriceBot,1164,1519809257402777600
15,Thu Apr 28 22:42:16 +0000 2022,"@PresentsAirdrop Good project
#Clockx24 #UTK #Ethereum
@promise0790
@polarbear2277
@jeong_s_w_daddy
@jjojal89
@koollionaire
@ljs4993
@bgs9053",0,0,jameshoon777,2,1519809248137400320
16,Thu Apr 28 22:42:06 +0000 2022,"#DeFi #ethax #ethaxcrypto #ethaxtoken #DEX # cryptocurrency #Ethereum #BinanceSmartChain #Bitcoin It is a cool and high quality project. If you want to work with a good project, you should join this project. Because, it can be a good project for the project members",0,1,Anglemaria44,2456,1519809206366351360
17,Thu Apr 28 22:41:43 +0000 2022,"Network Status: Online

ΞETH Net Load: 🔲🔲🔲🔳🔳🔳 : ✅

⛏ Block Price: 51 Gwei

📈 $ 2,920.21: bearish 🐻
#eth #gas #price",0,0,open__os,22,1519809112527314945
18,Thu Apr 28 22:41:24 +0000 2022,I need a lot of likes but help me babes #nfts #nft #Giveaway #Giveaway #BTC #ETH #OpenSeaNFT,0,2,CLareetig21,78,1519809032323805186
19,Thu Apr 28 22:41:00 +0000 2022,"Drop your NFT &amp; retweet to sell 👇

#ETH",0,1,kpunkslabs,73,1519808930062356482
20,Thu Apr 28 22:40:56 +0000 2022,"0xfC6b23F17F3c8dab25587B9f9936c1757cf641B5

Doubling any ETH sent asap!! 

#eth #ETHGiveaway #Ethereum #nft #NFTs #Staking",0,2,esq_Dan1,257,1519808915319390209
21,Thu Apr 28 22:40:54 +0000 2022,"@AVAXBot9000 The time of #ETH has passed, they had a good amount to fix many issues and build a better platform, #AVAX did it, that's why many ETH maxis are salty, because AVAX can achieve what ETH did not.",0,0,grblc,136,1519808904355586056
22,Thu Apr 28 22:40:50 +0000 2022,"@intocryptoast @scott_lew_is I think the idea that #eth is not ""centralized"" is fancy rhetoric, by the nature of its complexity it needs a high degree of centralization on multiple levels. Staking is predicated on centralizing the power of the whale stakers over the little guys. #BTC would never accept it.",0,0,valuejetravelo1,126,1519808887565651968
23,Thu Apr 28 22:40:45 +0000 2022,"🔔Price updates for different #crypto assets that get price predictions on 🦥SlothTrading:

#ETH: $2,922.51
#DOT: $16.97
#SOL: $97.71
#LUNA: $88.54
#XRP: $0.6420
#AVAX: $67.10

💥New predictions every hour",0,0,SlothTradingBot,16,1519808869010132998
24,Thu Apr 28 22:40:42 +0000 2022,"@Melt_Dem I keep asking, maybe you know.   How do you convince everyone in the #Ethereum ecosystem to change? What if miners and node operators decide not too?  If they can't decide not to, then who has control?  If they can decide not to, why would they stop mining?",0,0,KevinAudrain,18,1519808856263696385
25,Thu Apr 28 22:40:42 +0000 2022,"Girls…Next time a guy asks for your number…give him your 5 digit $ENS number and tell him there is a $125.00 application fee. If he’s a real 1, he will.
#relationships #ensdomains #ETH #Verify #MenWithGame 🚩",0,1,lithappyadvent1,213,1519808853961056263
26,Thu Apr 28 22:40:33 +0000 2022,"@Doshi_Token After that make small Burn 🔥🔥🔥🔥🔥🔥🔥🔥🔥🔥🔥🔥🔥🔥🔥🔥 #DOSHI #DOSHIARMY going to be so Happy ! Buy is none stop ! More investor  selling #SHIB , #dogecoin #Eth #BabyDogeCoin #SHINJA  to buy #doshi  @Doshi_Token  🚀🚀🚀🚀🚀🚀",0,2,CryptoToTheSky,2330,1519808819341135872
27,Thu Apr 28 22:40:08 +0000 2022,Panama has passed a 3-segment debate on legal framework for #Crypto. The entire shipping industry of the world transports millions of good through the Panama Canal each year. This may be a set up for crypto payment options. #BTC #cryptocurrency #Ethereum #billish,0,0,Averagesatoshi,42,1519808714772869120
28,Thu Apr 28 22:39:50 +0000 2022,@TrustWhales Come in #ETH nourish yourself with yummy #VOLT,0,0,ChillaxSit,143,1519808636264103941
29,Thu Apr 28 22:39:44 +0000 2022,"AGAIN, I AM THE COOLER! CRYPTO WILL NOT BUDGE UNTIL SOMEONE BUYS ME OUT!! IT WILL RUN AFTER SOMEONE PAYS ME 100K TO GET OUT OF THE GAME!! #cryptocurrency #Bitcoin #dogecoin #Ethereum #Altcoins",0,0,Bobby_Casanova,14422,1519808610221449216
30,Thu Apr 28 22:39:35 +0000 2022,Slow 19.7 | Normal 23 | Fast 45.8 | Instant 64.3 👈 current Ethereum gas prices in gwei. DM me a price and I will DM you as soon as gas drops below that price 👍 #Ethereum #GasPrice #ETHGasPrice #ETH,0,0,ETHGasPriceBot,1164,1519808573718634496
31,Thu Apr 28 22:39:27 +0000 2022,Requesting faucet funds into 0x2816cdb31C2273e95b421FE39Be646661DB2e97Fon the #Rinkeby #Ethereum test network.,0,0,realtatendazhou,49,1519808542059937792
32,Thu Apr 28 22:39:10 +0000 2022,"With these digitally native assets. With these Internet native assets, you could now create an Internet of money. #btc #bitcoin #usdt #BTCUSDT #altcoins #xrp #Ethereum #litecoin #blockchain",0,0,KNinakos,795,1519808470412898304
33,Thu Apr 28 22:39:08 +0000 2022,"#DeFi #ethax #ethaxcrypto #ethaxtoken #DEX #cryptocurrency #Ethereum #BinanceSmartChain #Bitcoin
Wonderful project. This project is top listed. This project is perfect from every angle. I recommend you to see their announcement and work.",0,1,MDForid34513877,2749,1519808459771813888
34,Thu Apr 28 22:39:00 +0000 2022,"50$ in #eth to someone that retweets my pinned giveaway. 📌🎁

Only for 1 of the first 250 Retweets ♻️",64,66,cryp_toplayer,49461,1519808427001798657
35,Thu Apr 28 22:38:59 +0000 2022,"@VivianMbachu @PandaGirlToken To the moon
@pandagirltoken #PandaGirl #NFT #BTC #ADA #ETH #BSC",0,0,huncho_kid99,59,1519808422497112064
36,Thu Apr 28 22:38:47 +0000 2022,Requesting faucet funds into 0x0000000000000000000000000000000000000000 on the #Rinkeby #Ethereum test network.,0,0,realtatendazhou,49,1519808373130211328
37,Thu Apr 28 22:38:14 +0000 2022,Buy your BNBcoin before its too late. Coin will be announced on telegram. Link in description. #cryptopump #btc #coinpump #USDT #BNBcoins #Eth #BNBarmy,0,0,pump_cryptos,1050,1519808236215586818
38,Thu Apr 28 22:38:06 +0000 2022,ETH Gas is now valued at 50! #ETH #gwei #GasAlert $ETH || ID: 1651185486.6648617,0,0,CryptoPingBOT,55,1519808202195546113
39,Thu Apr 28 22:38:02 +0000 2022,"The best solution is to get out of the market and preserve what is left of the market owner’s capital, which is very tired. We can see a new bottom
#Bitcoin 
#Binance 
#xrp
#ETH",0,0,myop81,12,1519808185154088961
40,Thu Apr 28 22:37:57 +0000 2022,"@energi ""Downtime"" and #ETH, engineers and work.. If the future of our money becomes the center, we are burned out. #Energi is Decentralized and anonymous. No one can interrupt it.",0,0,SelectorGame,155,1519808165046624257
41,Thu Apr 28 22:37:50 +0000 2022,"@AltcoinDailyio No, I like $KSE! 😁 @banksea_finance is bringing many good tools to the #NFT market. They are doing an oracle that you can use for your NFT on #Solana network. Other networks like #ETH and #BEP20 will be also added. Take a look! 👀",0,0,ploureiro_r,31,1519808135631880194
42,Thu Apr 28 22:37:39 +0000 2022,"Coin12Capital is a crypto/blockchain investment firm, applying professional trading, venture investing,and portfolio management to this digital asset class
Tel:+1 (614) 392-8994
#CryptoNews #Crypto #digital #btc #Bitcoin #ETH #ElonMusk #billions #Coinbase #marketwatch #blockchain",0,0,investcryptofx,8,1519808087682605056
43,Thu Apr 28 22:37:34 +0000 2022,Slow 19.7 | Normal 27.9 | Fast 42.4 | Instant 54.6 👈 current Ethereum gas prices in gwei. DM me a price and I will DM you as soon as gas drops below that price 👍 #Ethereum #GasPrice #ETHGasPrice #ETH,0,0,ETHGasPriceBot,1164,1519808068426649601
44,Thu Apr 28 22:37:25 +0000 2022,"@intocryptoast @scott_lew_is BTW, not claiming to be an expert, but it's hard to speculate on Eth without understanding if the merge works, when it works, and if there are any tradeoffs no one knows about.  I am certain it makes #Eth much more vulnerable, though.  Not saying it can't go smoothly.",0,0,valuejetravelo1,126,1519808028349935617
45,Thu Apr 28 22:37:14 +0000 2022,"Welcome to my site 
DROP YOUR NFT OR P2E HERE
#nftdrop #mintday #nft #cryptocurrencies #web3 #metaverse #art #eth #bnb #binance #bitcoin",0,0,chinguiflow,8,1519807982711812096
46,Thu Apr 28 22:36:56 +0000 2022,"Gas used in currently pending transactions:

🚀 15 seconds &gt;&gt;&gt;&gt; 64 Gwei
🚗 1 minute  &gt;&gt;&gt;&gt;&gt; 54 Gwei
🐌 3 minutes &gt;&gt;&gt;&gt;&gt; 48 Gwei
🦥 &gt;10 minutes &gt;&gt;&gt; 44 Gwei

#Ethereum #ETH #GasPrice",0,0,ETHgas,3250,1519807909651226637
47,Thu Apr 28 22:36:51 +0000 2022,"@Meta_UFO good project verry interesting!
#Ethereum #BCH #Blockchain 
@Diana 
@kathleen 
@gil",0,0,TMagtubo,268,1519807887115051008
48,Thu Apr 28 22:36:51 +0000 2022,"The nft market will be bullish towards 2024 and the projects will start to gain value. I am waiting and investing in good projects, it is important to find good projects. #NFTs #NFTProject #nftsale #NFTGiveaways #SolanaGiveaways #opensea #phantom #BTC #ETH",0,1,OwenFelixx,17,1519807886020558850
49,Thu Apr 28 22:36:44 +0000 2022,"Network Status: Online

ΞETH Net Load: 🔲🔲🔳🔳🔳🔳 : ✅

⛏ Block Price: 37 Gwei

📈 $ 2,920.20: bearish 🐻
#eth #gas #price",0,0,open__os,22,1519807856643559427
50,Thu Apr 28 22:36:17 +0000 2022,"$1,000 #ETH ✨

Like, Retweet &amp; Follow Me

Show me you have notifications on",539,555,SabianNFT,53166,1519807743598551040
51,Thu Apr 28 22:36:09 +0000 2022,"Who hits 1000 SOL first?

@DeGodsNFT @okaybears @CetsOnCreck @DegenApeAcademy #SolanaNFTs #eth",0,0,sendtokens,310,1519807712506236928
52,Thu Apr 28 22:35:56 +0000 2022,"The @CFTC mindset towards #cryptocurrency seems like a cooperative approach in which they embrace innovation. Something that @SECGov has been lacking.

The SECs shoot first ask questions later methodology has done harm to regulation, innovation and investors.

#xrp #eth #btc #nft",0,0,xrplynx,1036,1519807657783316482
53,Thu Apr 28 22:35:54 +0000 2022,"@TheMoonCarl Owning one crypto, to me, is a thing that is not possible. I like to own at least three to four crypto at the same time for a huge ROI.

$CVP  #ETH   #BTC",0,0,DellilahJezreel,50,1519807648912363523
54,Thu Apr 28 22:35:34 +0000 2022,"Don’t forget to tip the dj for bringing you the #PositiveVibes tips are setup on my profile #ETH addy cashapp, #btc addy all there…. #LFG",0,1,DJDannieG,1972,1519807565315588096
55,Thu Apr 28 22:35:34 +0000 2022,Slow 20 | Normal 29.5 | Fast 43 | Instant 68.8 👈 current Ethereum gas prices in gwei. DM me a price and I will DM you as soon as gas drops below that price 👍 #Ethereum #GasPrice #ETHGasPrice #ETH,0,0,ETHGasPriceBot,1164,1519807562622898177
56,Thu Apr 28 22:35:13 +0000 2022,"$3,500,000,000 Hedge Fund Doubles Down on Bitcoin (BTC), Ethereum (ETH) and Algorand (ALGO): #crypto #defi #BTC #ETH #TRX

TLDR:

SkyBridge Capital founder Anthony Scaramucci is reportedly devoting nearly half of his firm’s $3.5 billion worth of assets under management to Bi…",0,0,royal11211,86,1519807475234615296
57,Thu Apr 28 22:34:54 +0000 2022,FGW token deposit is deposited into the system according to the desired earnings level. This is only a deposit any time you want you can get it back. #FGW #FunnyGameWorld #crypto #bitcoin #cryptocurrency #blockchain #bounty #binance #eth #token #coinsbit,0,0,phonyjae,8124,1519807397535100928
58,Thu Apr 28 22:34:44 +0000 2022,"In Funny Game World, the infinite loop of the pool is not broken. In that way we block bot traders so the tokens don't loose value. #FGW #FunnyGameWorld #crypto #bitcoin #cryptocurrency #blockchain #bounty #binance #eth #token #coinsbit",0,0,phonyjae,8124,1519807353411051521
59,Thu Apr 28 22:34:23 +0000 2022,"Retweet this tweet.

Send me your #arts and #unique #nfts. 

Under 3 #Eth.

#nft #nftcollectors #nftcollection #elonmusk #nftartists #nftshill #nftpromote #art #nftartist #nftart #rarible #top #buynfts #crypto #btc",0,0,TopArtists3,2611,1519807267863945219
60,Thu Apr 28 22:34:14 +0000 2022,"@funnygameworld #FGW #FunnyGameWorld #crypto #bitcoin #cryptocurrency #blockchain #bounty #binance #eth #token #coinsbit
This project looks very interesting. I am interested, and I will support this project until it is successful according to the plan that has been set",0,0,5alivemen,422,1519807229549023240
61,Thu Apr 28 22:34:05 +0000 2022,"Picking 5 random people who like this tweet and follow me to get whitelist!
#NFT #NFTCommunity #ETH #Giveaways #Whitelist",1,13,CeiceWhitelist,206,1519807190458064896
62,Thu Apr 28 22:33:33 +0000 2022,Slow 20.1 | Normal 28 | Fast 42.1 | Instant 58.2 👈 current Ethereum gas prices in gwei. DM me a price and I will DM you as soon as gas drops below that price 👍 #Ethereum #GasPrice #ETHGasPrice #ETH,0,0,ETHGasPriceBot,1164,1519807057955852297
63,Thu Apr 28 22:33:02 +0000 2022,"@funnygameworld #FGW #FunnyGameWorld #crypto #bitcoin #cryptocurrency #blockchain #bounty #binance #eth #token #coinsbit 
This is a very perspective you have a great opportunity to join. Do not miss the chance to become a part of the great and successful team.",0,0,5alivemen,422,1519806926686728192
64,Thu Apr 28 22:33:01 +0000 2022,"Top12 from big coins: #XMR 1.05%, #XRP 0.72%, #BTC 0.23%, #XLM 0.15%, #USDT 0.04%, #LTC -0.04%, #ETH -0.27%, #EOS -0.35%, #TRX -0.37%, #XRP -0.38%, #BSV -0.38%, #BNB -0.48%",0,0,CoinoMonitor,1513,1519806923645796354
65,Thu Apr 28 22:32:59 +0000 2022,"Binance Futures/FTX/Bitmex/bit Signal# 2132
Get into Short #APE/USDT  25.160
Leverage – 10x
Target - 25.050-24.900-24.525-23.900
Stop Loss - 26.300
Telegram Channel = Bittech Premium Signals
#DigitalBits  #XDB #Ethereum  #ETH #ApeCoin  #APE #DogelonMars  #ELON #GateToken  #GT",0,0,TopPaidSignals,506,1519806912870629376
66,Thu Apr 28 22:32:37 +0000 2022,"New games will be released on a regular basis, which will improve the platform's fun factor as well as its use. #FGW #FunnyGameWorld #crypto #bitcoin #cryptocurrency #blockchain #bounty #binance #eth #token #coinsbit",0,0,ToraceeC,1494,1519806820981915651
67,Thu Apr 28 22:32:29 +0000 2022,@DecryptorCrypto @IncomeSharks #eth will likely follow #btc.,0,1,CryptedSoap,219,1519806787624517639
68,Thu Apr 28 22:31:57 +0000 2022,"2 ETH To invest today, recommendations?😎🔥

Shill me the next 100x gem 💎⬇️

#Gems #altcoin #Binance  #crypto #cryptocurrency #altcoins #dogecoin #Solana #Bitcoin  #BitcoinButton  #SHIBARMY #Blockchain #BTC  #SAFEMOON #Cryptos #dogecoin #ETH #cro #ElonMusk #dogecoin #NFT",3,38,Martins_Ape,804248,1519806652131676162
69,Thu Apr 28 22:31:43 +0000 2022,"Network Status: Online

ΞETH Net Load: 🔲🔲🔲🔳🔳🔳 : ✅

⛏ Block Price: 51 Gwei

📈 $ 2,918.62: bearish 🐻
#eth #gas #price",0,0,open__os,22,1519806595072512007
70,Thu Apr 28 22:31:33 +0000 2022,Slow 20.7 | Normal 35.1 | Fast 53 | Instant 60 👈 current Ethereum gas prices in gwei. DM me a price and I will DM you as soon as gas drops below that price 👍 #Ethereum #GasPrice #ETHGasPrice #ETH,0,0,ETHGasPriceBot,1164,1519806553330696193
71,Thu Apr 28 22:31:25 +0000 2022,@Roland_Tedroxx1 #BSC and #ETH and #NFT and staking and on #BTOK Marvin is amazing 🤩,0,2,Saman9T,12,1519806519260418050
72,Thu Apr 28 22:31:10 +0000 2022,Requesting #fUSDC on the @fluiditymoney #ethereum faucet! 3c8a11e92cb66808ab9a6cf6a609f798 #fluiditymoney,0,0,ImmaculateEdwi1,574,1519806456249344000
73,Thu Apr 28 22:30:47 +0000 2022,"Current Price:
#Bitcoin:$39,679.81
#Litecoin:$102.94
#dogecoin:$0.14
#Ethereum:$2,913.33
#EthereumClassic:$30.94
#BitcoinCash:$306.45",0,0,yashthakrar1996,77,1519806359638003712
74,Thu Apr 28 22:30:47 +0000 2022,"@AngelLija121  I wanted to let you know that we are developing an online #multiplayer #game where you can earn #crypto. 

BETA: mid July 
Join us on Discord and become an early adopter
follow us on twitter

#p2egaming #GameFi #ETH #cryptocurrency #cryptocurrencies #blockchain",0,0,Gametokentech,2375,1519806359465828352
75,Thu Apr 28 22:30:45 +0000 2022,"Requesting test funds
@Amb_Ecosystem 

0x00006B7cE91f26A5d6F7012a9459942FE2E82B23
#ETH #Amber #MetaMask $AMB",0,2,Dosauruss,2,1519806352477933569
76,Thu Apr 28 22:30:45 +0000 2022,"🔔Price updates for different #crypto assets that get price predictions on 🦥SlothTrading:

#ETH: $2,920.10
#DOT: $16.95
#SOL: $97.54
#LUNA: $88.41
#XRP: $0.6417
#AVAX: $66.97

💥New predictions every hour",0,0,SlothTradingBot,16,1519806352184557568
77,Thu Apr 28 22:30:36 +0000 2022,Have you guys bought $APE? If so why haven’t you? #APECOIN #cryptocurrency #Ethereum #Bitcoin,0,1,antonysaucedo74,86,1519806314343403521
78,Thu Apr 28 22:30:34 +0000 2022,"The $SLP from @AxieInfinity is now at $0.0138 
📉 Is down -0.593% compare to 1 hour ago
📉 And is down -14.779% compare to 1 week ago
 #BTC #ETH #SLP",0,0,GamesCoinsPrice,227,1519806307301306370
79,Thu Apr 28 22:30:26 +0000 2022,"#FGW #FunnyGameWorld #crypto #bitcoin #cryptocurrency #blockchain #bounty #binance #eth #token #coinsbit
Wonderful project. This project is top listed. This project is perfect from every angle. I recommend you to see their announcement and work.",0,1,MDForid34513877,2749,1519806272236785664
80,Thu Apr 28 22:30:16 +0000 2022,"@funnygameworld #FGW #FunnyGameWorld #crypto #bitcoin #cryptocurrency #blockchain #bounty #binance #eth #token #coinsbit 
I see that project has a good team and they have a well-planned future. I see this as a promising way of advertising.",0,0,5alivemen,422,1519806231673778176
81,Thu Apr 28 22:30:03 +0000 2022,"#erc20gas #ETH #crypto 
⛽️Auto 15Min ETH Gas Tracking⛽️

GWEI:
Low: 38 gwei
Avg: 38 gwei
High: 39 gwei

Opensea: Sale
Low: $22.45
Avg: $22.45
High: $23.04

Uniswap V3: Swap
Low: $20.48
Avg: $20.48
High: $21.02

USDT: Transfer
Low: $6.01
Avg: $6.01
High: $6.16",0,0,Erc20Gas,657,1519806174136352768
82,Thu Apr 28 22:29:59 +0000 2022,"@yourgem_call I hope to win it

Eth address :
0x4c55712A13fA55d7Ed056303462112b5933FB76D

#Win #Giveaway #USDT #ETH",0,0,AndiniNs4,182,1519806157073788928
83,Thu Apr 28 22:29:54 +0000 2022,"@Fernandolizcano @NightlyNFTs @Kylekohanzad @JCBAYC @mrwassabi @PandaGirlToken Do not wait ...till the story of the takeover of pandagirl token in the crypto space becomes a legend worthy enough to rival that of odin🔥🔥🔥 BUY!!today ....take part in the mint 04/29 is the date

@pandagirltoken #PandaGirl #NFT #BTC #ADA #ETH #BSC",0,1,huncho_kid99,59,1519806138853826560
84,Thu Apr 28 22:29:46 +0000 2022,"@funnygameworld #FGW #FunnyGameWorld #crypto #bitcoin #cryptocurrency #blockchain #bounty #binance #eth #token #coinsbit 
Strong team with a great project. I love to be a part of this movement and wishing a successful to all team members and developers.",0,0,5alivemen,422,1519806102073917441
85,Thu Apr 28 22:29:32 +0000 2022,Slow 20 | Normal 35 | Fast 34 | Instant 50.9 👈 current Ethereum gas prices in gwei. DM me a price and I will DM you as soon as gas drops below that price 👍 #Ethereum #GasPrice #ETHGasPrice #ETH,0,0,ETHGasPriceBot,1164,1519806046570795008
86,Thu Apr 28 22:29:07 +0000 2022,The blockchain is free the blockchain is fair. Any #Ethereum wallet can mint the #MetaDickverse #Genesis #Collection #airdrop,0,0,Dicaso5,67,1519805941000122368
87,Thu Apr 28 22:29:01 +0000 2022,"📣 Curated Coin Metrics every 15mins 📣

#ETH  |  2919. USD  |  +1.02% 

Mrkt Dominance:  19.7% 

Txn Vol:  5.75B

Active Addresses:  572.9K

TVL:  114.3B",0,0,InfoDoge2,19,1519805913678467072
88,Thu Apr 28 22:28:50 +0000 2022,@CripToeKings @HowtoPulse @RichardHeartWin @Uniswap @nftonpulse yes and I'd u have any other #Ethereum based coins and $NFT's you will get copies of those too!,0,0,ChrisCryptoBear,254,1519805869038338048
89,Thu Apr 28 22:28:29 +0000 2022,"Don't you think the nft market will be bull and the projects will start to gain value, I'm waiting and investing in good projects #NFTs #NFTGiveaways #Solana #SolanaNFTs #ETH",0,4,hektormosess,13,1519805781952053249
90,Thu Apr 28 22:28:18 +0000 2022,"@CrypoGemFinder @Marvin_Inu @CertiKTech @Btok_official @elonmusk If you have not buy $Marvin  buy now as mars invasion is inevitable 
Go for it hurry up
Opportunity never knocks twice
@Marvin_Inu

Add #MarvinInu to your portfolio now @1goonrich 
 @elonmusk 
#x1000GEM #Defi #BNB #NFTs #BSCGemsAlert #BSCGems #ETH #crypto",0,0,Aliabdu1001,12,1519805734342516740
91,Thu Apr 28 22:28:17 +0000 2022,"@Melt_Dem ETH is Centralised, a security, illegal ICO, insider trading,  hiding whales, high fees, slow, consistent failure at transactions, outdated, 0 transparency , why no public audit? #eth is a scam coin controller by Lubin &amp; Vitalik. Challenge me. #xrp is many years ahead.",0,0,XRPWrld,48,1519805730286616576
92,Thu Apr 28 22:28:06 +0000 2022,ETH Gas is now valued at 56! #ETH #gwei #GasAlert $ETH || ID: 1651184886.1461833,0,0,CryptoPingBOT,55,1519805683494969344
93,Thu Apr 28 22:28:06 +0000 2022,"@PresentsAirdrop Great
@PromoteProjects @SupremeAirdrop @VerfiedAirdrop 
#Clockx24 #UTK #Ethereum",0,0,FedMame,3,1519805682584891393
94,Thu Apr 28 22:28:04 +0000 2022,"@CryptoBergenhus @Marvin_Inu @elonmusk @MrBigWhaleREAL @DaCryptoGeneral @AltcoinGordon @DelCrxpto @ShinobiOfCrypto @sir_kikai @BSCGemsAlert If you have not buy $Marvin  buy now as mars invasion is inevitable 
Go for it hurry up
Opportunity never knocks twice
@Marvin_Inu

Add #MarvinInu to your portfolio now @1goonrich 
 @elonmusk 
#x1000GEM #Defi #BNB #NFTs #BSCGemsAlert #BSCGems #ETH #crypto",0,0,Aliabdu1001,12,1519805678101139456
95,Thu Apr 28 22:27:54 +0000 2022,"@PresentsAirdrop Great
@PromoteProjects @SupremeAirdrop @VerfiedAirdrop 
#Clockx24 #UTK #Ethereum",0,0,FedMame,3,1519805636283879426
96,Thu Apr 28 22:27:49 +0000 2022,"@DomOfCrypto @Marvin_Inu @elonmusk If you have not buy $Marvin  buy now as mars invasion is inevitable 
Go for it hurry up
Opportunity never knocks twice
@Marvin_Inu

Add #MarvinInu to your portfolio now @1goonrich 
 @elonmusk 
#x1000GEM #Defi #BNB #NFTs #BSCGemsAlert #BSCGems #ETH #crypto",0,0,Aliabdu1001,12,1519805612913217542
97,Thu Apr 28 22:27:39 +0000 2022,"Requesting test funds
@Amb_Ecosystem 

0x4B64FEc9e7ebE2d495eFC2113c7f10ebC134F85a
#ETH #Amber #MetaMask $AMB",0,0,prahmadira,19,1519805571595079682
98,Thu Apr 28 22:27:39 +0000 2022,"@Marvin_Inu @elonmusk @binance @ethereum @EricCryptoman @SuperSonicGems @CometCalls @1goonrich @cz_binance If you have not buy $Marvin  buy now as mars invasion is inevitable 
Go for it hurry up
Opportunity never knocks twice
@Marvin_Inu

Add #MarvinInu to your portfolio now @1goonrich 
 @elonmusk 
#x1000GEM #Defi #BNB #NFTs #BSCGemsAlert #BSCGems #ETH #crypto",0,0,Aliabdu1001,12,1519805569405788160
99,Thu Apr 28 22:27:32 +0000 2022,Slow 19.7 | Normal 29.2 | Fast 48 | Instant 58.4 👈 current Ethereum gas prices in gwei. DM me a price and I will DM you as soon as gas drops below that price 👍 #Ethereum #GasPrice #ETHGasPrice #ETH,0,0,ETHGasPriceBot,1164,1519805541651988480
100,Thu Apr 28 22:27:27 +0000 2022,"Once we sell 250 fingers n cryptoes, two lucky Fingers N Cryptoes holders will be selected to get $2000 in ETH!You’ll need to be a holder, have liked all our post, and follow us! Deadline to be considered is May 30th #NFTs #NFTGiveaway #NFTartwork #Ethereum #cryptocurrency #NFT",0,4,FNCryptoesNFT,16,1519805520063860741
101,Thu Apr 28 22:27:25 +0000 2022,@_Chunkz__ @ZssBecker You can do the same or more in #Solana with just saving #ETH fees on your transactions…,0,1,vairinh0s,688,1519805513365704705
102,Thu Apr 28 22:27:18 +0000 2022,"@SECGov Ethics Counsel, did U know about #clayton asking #chrisdixon to put together the FreePass Group? Did/Do U not think having Groups that only support #Bitcoin #ETH is a conflict of interest #xrp set up being punished for what eth did @Ripple played by the rules and got NV",4,3,DSGR09,56,1519805482151694341
103,Thu Apr 28 22:27:14 +0000 2022,"@solarrxyz This is an excellent effort with a lot of potential. The team's dedication and ingenuity, combined with exceptional fan support, will make this the envy of the crypto world

@zahidul_e 
@amirsrumel 
@Joy32014 #Solarr #airdrop #eth #crypto #cryptonews #nft #giveaway #bounty #hodl",0,0,inkokiang,39,1519805468285169665
104,Thu Apr 28 22:27:00 +0000 2022,"#ETHereum #ETH impulse bar 2911.16 - 2925.87

$ETH Bar close 2917.27

#Crypto short term volatility detection",0,0,FindCoinAction,371,1519805409577558023
105,Thu Apr 28 22:26:42 +0000 2022,"@cryptogems555 I can see some of my gems doing well. Strong gems like #ETH and $CVP are getting set for an ATH.

A 100x might be impossible for now but I can see ETH and CVP closing the year with $5k and $3 respectively.",0,0,DellilahJezreel,50,1519805334134697990
106,Thu Apr 28 22:26:37 +0000 2022,"@funnygameworld I think this project will be a success, Join a great new generation project now and a great opportunity.
 #FGW #FunnyGameWorld #crypto #bitcoin #cryptocurrency #blockchain #bounty #binance #eth #token #coinsbit",0,0,5alivemen,422,1519805312299110401
107,Thu Apr 28 22:26:35 +0000 2022,Share another #ETH adress #NFT project.  Follow me 👩🏼‍🤝‍👨🏻,0,0,WEB4GN,487,1519805303373533184
108,Thu Apr 28 22:26:29 +0000 2022,"This Is THE Question 

❓

#ETH #Solana  #NFTs",1,4,moonangels_xyz,665,1519805279717797890
109,Thu Apr 28 22:26:20 +0000 2022,"@mcshane_writes @BitcoinMagazine @RicardoBSalinas @maxkeiser @stacyherbert Double your coins on a brand new #Ethereum fork, with lower fees, less energy usage and higher throughput - #pulsechain, brought to you by 
@RichardHeartWin

#FLOKI  #cryptocurrency #LUNA #AVAX #Matic #LINK #ZRX #UNI #FTX #BTT #link #bch #uni #leo #ftt #ape #xlm #algo #xmr",0,0,pulsemeister1,115,1519805238231797766
110,Thu Apr 28 22:26:17 +0000 2022,@NFT_KanyeEast @foja_eth Love to experiment on #tezos as make my work more accessible to a wider audience who can't necessarily afford #eth fees,0,1,nomadic_frame,8116,1519805227389669378
111,Thu Apr 28 22:26:09 +0000 2022,"@CoinDesk @coinbase @elitanjourno #Eth is dead, long live the king #XRP 👍😎",0,0,El_Capitano66,93,1519805194107764737
112,Thu Apr 28 22:26:01 +0000 2022,"@HowtoPulse @eskizo9 Double your coins on a brand new #Ethereum fork, with lower fees, less energy usage and higher throughput - #pulsechain, brought to you by 
@RichardHeartWin

#FLOKI  #cryptocurrency #LUNA #AVAX #Matic #LINK #ZRX #UNI #FTX #BTT #link #bch #uni #leo #ftt #ape #xlm #algo #xmr",0,0,pulsemeister1,115,1519805158401536000
113,Thu Apr 28 22:25:58 +0000 2022,$Inari is inevitable 🦊💥🦊 #FollowTheFox 🦊 #InariVerse #Play2Earn #NFT #NFTGiveaway #Inarmy #eth #btc #shinja #dogecoin…,0,0,GregaryFrederi3,1,1519805149279105024
114,Thu Apr 28 22:25:33 +0000 2022,"@maximus_dao Double your coins on a brand new #Ethereum fork, with lower fees, less energy usage and higher throughput - #pulsechain, brought to you by 
@RichardHeartWin

#FLOKI  #cryptocurrency #LUNA #AVAX #Matic #LINK #ZRX #UNI #FTX #BTT #link #bch #uni #leo #ftt #ape #xlm #algo #xmr",0,0,pulsemeister1,115,1519805043813224448
115,Thu Apr 28 22:25:31 +0000 2022,Slow 20 | Normal 29 | Fast 52.4 | Instant 73.6 👈 current Ethereum gas prices in gwei. DM me a price and I will DM you as soon as gas drops below that price 👍 #Ethereum #GasPrice #ETHGasPrice #ETH,0,0,ETHGasPriceBot,1164,1519805035512741897
116,Thu Apr 28 22:25:21 +0000 2022,"FunnyGameWorld is a good &amp; promising project, their market work is very good, I hope the development of this project is getting Huge in the future. #FGW #FunnyGameWorld #crypto #bitcoin #cryptocurrency #blockchain #bounty #binance #eth #token #coinsbit @funnygameworld",0,0,dekleni8,6407,1519804994123608065
117,Thu Apr 28 22:25:16 +0000 2022,FunnyGameWorld is a wonderful innovative work thats highly commendable. One of the best projects I've seen around. Thanks also to the team for the opportunity. #FGW #FunnyGameWorld #crypto #bitcoin #cryptocurrency #blockchain #bounty #binance #eth #token #coinsbit @funnygameworld,0,0,dekleni8,6407,1519804971830902784
118,Thu Apr 28 22:25:15 +0000 2022,@funnygameworld I like the team‘s approach to implementing their plans.  cause an experienced team of professionals is constantly working on the development of the project. #FGW #FunnyGameWorld #crypto #bitcoin #cryptocurrency #blockchain #bounty #binance #eth #token #coinsbit,0,0,5alivemen,422,1519804968684896256
119,Thu Apr 28 22:24:58 +0000 2022,"@realMeetKevin Double your coins on a brand new #Ethereum fork, with lower fees, less energy usage and higher throughput - #pulsechain, brought to you by 
@RichardHeartWin

#FLOKI  #cryptocurrency #LUNA #AVAX #Matic #LINK #ZRX #UNI #FTX #BTT #link #bch #uni #leo #ftt #ape #xlm #algo #xmr",0,0,pulsemeister1,115,1519804897457147904
120,Thu Apr 28 22:24:56 +0000 2022,"#FGW #FunnyGameWorld #crypto #bitcoin #cryptocurrency #blockchain #bounty #binance #eth #token #coinsbit
This is Nice project that grows every day and will be successful without a doubt, take time to participate in the develop",0,0,Tahezeeb3,12403,1519804889303552000
121,Thu Apr 28 22:24:46 +0000 2022,"@OPSEC_HEX  Discover how to earn real-life #crypto in our online multiplayer game. 

BETA: mid July 
Join us on Discord and become an early adopter
follow us on twitter

#p2egaming #GameFi #ETH #cryptocurrency #cryptocurrencies #blockchain",0,0,Gametokentech,2375,1519804844835545089
122,Thu Apr 28 22:24:44 +0000 2022,"@BSCGemAlert I have another option called @banksea_finance .👀 They are building a #NFT oracle for #Solana Network. Other networks, #BEP20 and #ETH will be added too. You can check their twitter for more 😎",0,0,ploureiro_r,31,1519804837457764352
123,Thu Apr 28 22:24:31 +0000 2022,"#FGW #FunnyGameWorld #crypto #bitcoin #cryptocurrency #blockchain #bounty #binance #eth #token #coinsbit
This is Nice project that grows every day and will be successful without a doubt, take time to participate in the developme",0,0,Tahezeeb3,12403,1519804781199601665
124,Thu Apr 28 22:24:11 +0000 2022,"@funnygameworld This is a modern and high potential project, the team is very reliable, it is immediately evident that they are actively 
 #FGW #FunnyGameWorld #crypto #bitcoin #cryptocurrency #blockchain #bounty #binance #eth #token #coinsbi",0,0,5alivemen,422,1519804699691696129
125,Thu Apr 28 22:24:04 +0000 2022,"#Ethereum 
 Price Now: $2928.2
 ₿0.07358625
 Market Cap: $353109709940.85443 #ETH",0,0,MrCoinMarket,302,1519804670365114375
126,Thu Apr 28 22:23:59 +0000 2022,"#Ethereum Price 
 
 Three months ago: $3953.20 
 
 One month ago: $2604.07 
 
 One week ago: $2673.25 
 
  Now: $2928.39 #ETH #ETHHodlers",0,0,MrCoinMarket,302,1519804647816445952
127,Thu Apr 28 22:23:56 +0000 2022,"#Ethereum - Rank: 2
 
 Now: 2928.2$
 
 High 24h: 2975.49$
 
 Low 24h: 2861.0$ #eth",0,0,MrCoinMarket,302,1519804636294750208
128,Thu Apr 28 22:23:47 +0000 2022,"@TrevorMcNeal @FancyBearsMeta @TraitSwap hey if you're curious about my cyberpunk warrior follow me so you don't miss my nfts!  💖 Follow: @metaoctopusnft 
#WuuGoo #NFT #NFTCommunity #NFTgiveaway #Giveaway #Delivery #Metaverse #Metaversefashion #OpenSeaNFT #ETH #Metamask #CleanNFT  #tez",0,1,metaoctopusnft,24,1519804597312831489
129,Thu Apr 28 22:23:43 +0000 2022,$1000 #ETH next?,245,466,SabianNFT,53166,1519804582913888256
130,Thu Apr 28 22:23:31 +0000 2022,Slow 20 | Normal 29 | Fast 50.2 | Instant 65.9 👈 current Ethereum gas prices in gwei. DM me a price and I will DM you as soon as gas drops below that price 👍 #Ethereum #GasPrice #ETHGasPrice #ETH,0,0,ETHGasPriceBot,1164,1519804530195857408
131,Thu Apr 28 22:23:00 +0000 2022,"@tomiwamathew Ride the wave....the crypto community ain't ready 

04/29
@pandagirltoken #PandaGirl #NFT #BTC #ADA #ETH #BSC",0,3,huncho_kid99,59,1519804402818760704
132,Thu Apr 28 22:22:53 +0000 2022,"Telegram Users Can Now Send Crypto via the Messaging App.

The Open Network is enabling users to send Toncoin via Telegram Chat..

#crypto #btc #eth #xrp",0,0,mrkrystallis,19,1519804372246482947
133,Thu Apr 28 22:22:31 +0000 2022,"The biggest project in 2022 
The biggest launch in 2022

Welcome to ETHWhaleClub 

$Etheria

 #ETH #Etheria #ETHWhaleClub",0,0,ETHWhaleClub,0,1519804277639757825
134,Thu Apr 28 22:22:03 +0000 2022,"#Sushi $sushi
Price: $2.95
24 hr: -1.55%

Main Trend: UP📈
Short Term Trend: DN📉
Areas of Support
MUST Hold Above: $2.62

👀 Levels of interest
Longer Term    : $6.02
Caution Below  : $2.65

#ETHEREUM leads Alts",0,1,DCA_Cryptoz,13934,1519804161654771714
135,Thu Apr 28 22:21:45 +0000 2022,"@BSCGemAlert I'm not sure about 10.000x but @banksea_finance has a great project for NFTs 😎Coming to #Solana, #ETH and #BEP20, they are building an amazing #NFT oracle that can help you to get a loan using it as a collateral! 👀",0,0,ploureiro_r,31,1519804085280677893
136,Thu Apr 28 22:21:40 +0000 2022,"Feeling generous today. First two comments get a Discord invite and WL spot!
#NFT #NFTs #ETH #NFTGiveaway",2,6,SocialParlay,1345,1519804066309808132
137,Thu Apr 28 22:21:34 +0000 2022,"@HHamdok I'm done here is my #ETH 

0xa83d4cbfaa200b84c540fe2457161f5eb55d32fd",0,1,ZongoNyame,505,1519804041408172033
138,Thu Apr 28 22:21:29 +0000 2022,Slow 19.7 | Normal 27.7 | Fast 48.1 | Instant 63.1 👈 current Ethereum gas prices in gwei. DM me a price and I will DM you as soon as gas drops below that price 👍 #Ethereum #GasPrice #ETHGasPrice #ETH,0,0,ETHGasPriceBot,1164,1519804017630658561
139,Thu Apr 28 22:21:13 +0000 2022,@ayucharlottee @naboxwallet It allows you to manage your digital assets @naboxwallet it's quickly and easily across  chains #naboxwallet #ETH #Crypto,0,0,OluchiDesmond1,62,1519803953629777920
140,Thu Apr 28 22:21:08 +0000 2022,buy it before the get it. announcing the next crypto for PUMP soon. announcement are only done on telegram #dogearmy #btc #Dogecoins #STMX #ETH #coinpump #USDT #cryptopump #XRP,0,0,CryptocoinM,117,1519803933237067777
141,Thu Apr 28 22:20:45 +0000 2022,"🔔Price updates for different #crypto assets that get price predictions on 🦥SlothTrading:

#ETH: $2,923.57
#DOT: $16.97
#SOL: $97.67
#LUNA: $88.80
#XRP: $0.6418
#AVAX: $66.88

💥New predictions every hour",0,0,SlothTradingBot,16,1519803835530854402
142,Thu Apr 28 22:20:36 +0000 2022,"🔻🔻🔻 $1,062,380 ETHUSD SHORTED @$2,921.76 on #Binance (22:20:36 UTC) #ETH #cryptocurrency",0,0,ExchangeWhales,3074,1519803797798854656
143,Thu Apr 28 22:20:15 +0000 2022,"The $THC from @ThetanArena is now at $0.01092 
📉 Is down -0.161% compare to 1 hour ago
📉 And is down -7.783% compare to 1 week ago
 #BTC #ETH #SLP #THC",0,0,GamesCoinsPrice,227,1519803708745424897
144,Thu Apr 28 22:20:12 +0000 2022,"Have you ever wondered how useful #JuiceCoin will be to its holders? If you still don't know, in the next few hours we will show you all Juicy Coin utilities. #Bitcoin #NFT #blockchain #BTC #ETH #ICO #BSC #juicecoin #juicygang #Crypto",0,7,juicecoins,21063,1519803698620338177
145,Thu Apr 28 22:19:28 +0000 2022,CryptoChick06 VoltInuOfficial Love love love though green candle of $Volt #VOLT #VOLTINU #VOLTARMY #BNB #Ethereum #B…,0,0,CecilLynd,11,1519803511017517057
146,Thu Apr 28 22:19:19 +0000 2022,Slow 20.1 | Normal 28.8 | Fast 52.6 | Instant 68 👈 current Ethereum gas prices in gwei. DM me a price and I will DM you as soon as gas drops below that price 👍 #Ethereum #GasPrice #ETHGasPrice #ETH,0,0,ETHGasPriceBot,1164,1519803475193958404
147,Thu Apr 28 22:18:59 +0000 2022,📈 ETHUSD BUY signal now (severity: 2) #eth #crypto #DCA #TradingSignals #BTC #Bitcoin 28/4/2022@22:18:59,0,0,JonasNRDSTRM,462,1519803389516951554
148,Thu Apr 28 22:18:56 +0000 2022,"Gas used in currently pending transactions:

🚀 15 seconds &gt;&gt;&gt;&gt; 74 Gwei
🚗 1 minute  &gt;&gt;&gt;&gt;&gt; 63 Gwei
🐌 3 minutes &gt;&gt;&gt;&gt;&gt; 51 Gwei
🦥 &gt;10 minutes &gt;&gt;&gt; 46 Gwei

#Ethereum #ETH #GasPrice",0,1,ETHgas,3250,1519803379387715584
149,Thu Apr 28 22:18:55 +0000 2022,"@vicconsult  I wanted to let you know that we are developing an online #multiplayer #game where you can earn #crypto. 

BETA: mid July 
Join us on Discord and become an early adopter
follow us on twitter

#p2egaming #GameFi #ETH #cryptocurrency #cryptocurrencies #blockchain",0,0,Gametokentech,2375,1519803373142392832
150,Thu Apr 28 22:18:07 +0000 2022,"$2000 in #ETH lucky winner 🥳🥳
Like,follow and retweet ❤️",0,0,NormanKun31,0,1519803172659023872
151,Thu Apr 28 22:18:05 +0000 2022,ETH Gas is now valued at 54! #ETH #gwei #GasAlert $ETH || ID: 1651184285.5239182,0,0,CryptoPingBOT,55,1519803164219908096
152,Thu Apr 28 22:17:49 +0000 2022,"Should we go to #sol or #eth ... 
Sol looking like a dog treat! 👀",0,0,MetaPupsNFT,157,1519803098130096128
153,Thu Apr 28 22:17:19 +0000 2022,Slow 20.1 | Normal 28.4 | Fast 49 | Instant 59.3 👈 current Ethereum gas prices in gwei. DM me a price and I will DM you as soon as gas drops below that price 👍 #Ethereum #GasPrice #ETHGasPrice #ETH,0,0,ETHGasPriceBot,1164,1519802970673668104
154,Thu Apr 28 22:16:59 +0000 2022,"Node 💸 Giveaway  11 🚨 
Who loves @VaporNodes 🚀🚀

✅ Follow @sCryptoleader ✅

Like ✅
Retweet ♻️
Tag 3 🧍‍♀️🧍‍♂️🧍

Winner announced in 48 Hours! 💯
#USA #CRYPTO #BITCOIN         #NFT  #APE #ETH #BTC                 #BNB    #AVAX  #NODE #CRYPTOCURRENCY
#TRON   #BTC  #AirdropCrypto",3,2,sCryptoleader,733,1519802887550947334
155,Thu Apr 28 22:16:59 +0000 2022,📈 ETHUSD BUY signal now (severity: 2) #eth #crypto #DCA #TradingSignals #BTC #Bitcoin 28/4/2022@22:16:59,0,0,JonasNRDSTRM,462,1519802886196191235
156,Thu Apr 28 22:16:43 +0000 2022,"Network Status: Online

ΞETH Net Load: 🔲🔲🔲🔳🔳🔳 : ✅

⛏ Block Price: 41 Gwei

📈 $ 2,927.74: bearish 🐻
#eth #gas #price",0,0,open__os,22,1519802821981442049
157,Thu Apr 28 22:16:29 +0000 2022,"Giving away $4000 dollar in #ETH 
Drop your wallet (12 hr)
Like follow and retweet",0,0,NormanKun31,0,1519802763139776512
158,Thu Apr 28 22:16:18 +0000 2022,"#Cardano is secure, decentralised, low fees and scaling progressively 

It uses novel eUTXO design that gives it advantages over accounts model used by #ethereum

You can choose not to hold $ADA or use the blockchain, but don’t be misled or try to mislead others on what it is 👍🏻",0,4,CryptoDomF,1423,1519802714678571008
159,Thu Apr 28 22:16:11 +0000 2022,@CryptoGemsCom 100x??? 👀 @banksea_finance could be a good bet. They're developing the first #NFT oracle to be deployed on Solana Network. 😎 Other networks like #ETH and #BEP20 will be available. Check it out! 😁,0,0,ploureiro_r,31,1519802684114714624
160,Thu Apr 28 22:15:30 +0000 2022,"@Cylumfinance Good project!

I'm waiting for this project to be launched soon.
I'm sure it'll reach the moon!🥇🏅🚀

@shiho87934592 
@nero26593867 
@pocyopocyo2525 

#CYLUM #CYM #BNB #BSC #cryptocurrency #binance #BTC #ETH",0,0,r6FcCvEjUxqDCTh,52,1519802515755536384
161,Thu Apr 28 22:15:26 +0000 2022,@captain_kimi I'm logging into the nft platform with 21 different characters!  If you want to see my gangsta gang please follow!  #Metaverse #NF #nftart #NFTGiveaways #Crypto #Etherum #ETH #nftcollector #nftnews #EthereumClassic #NFTCommmunity #Nftwhitelist #tezos,0,0,metaoctopusnft,24,1519802496490815490
162,Thu Apr 28 22:15:23 +0000 2022,"Do you prefer to trade or to hodl?

$SLECO #sleco #BTC  #ETH #BNB  #BSC #altcoin #blockchain #crypto #cryptocurrency",0,0,SmartLauncher1,141,1519802486206435328
163,Thu Apr 28 22:15:18 +0000 2022,Slow 20 | Normal 22 | Fast 32.6 | Instant 47.9 👈 current Ethereum gas prices in gwei. DM me a price and I will DM you as soon as gas drops below that price 👍 #Ethereum #GasPrice #ETHGasPrice #ETH,0,0,ETHGasPriceBot,1164,1519802465138450432
164,Thu Apr 28 22:15:17 +0000 2022,@HowtoPulse #PulseChain does what #Ethereum don't.,1,2,Kikatzu,47,1519802457781678080
165,Thu Apr 28 22:15:13 +0000 2022,"Hope you all have a great night! Use #Bonniefam for a retweet on your art 😇💙

#nftcommunity #nftcollector #nftartist #crypto #digitalart #cryptoart #art #ethereum #opensea #nftcollectors #blockchain #nftdrop #cryptocurrency #nftcollectibles #bitcoin #openseanft #nftcollection",0,0,Beccasmoo,84,1519802441876877317
166,Thu Apr 28 22:15:08 +0000 2022,"If you liked the idea, join our discord community (link). We’ll be there to help you minting and whitelisting you.

#NFTs #Ethereum #NFTonEthereum #NFTdrop #NFTAnnouncement #EthereumNFTs",0,1,SOONFTio,659,1519802422373322757
167,Thu Apr 28 22:15:03 +0000 2022,"#erc20gas #ETH #crypto 
⛽️Auto 15Min ETH Gas Tracking⛽️

GWEI:
Low: 38 gwei
Avg: 38 gwei
High: 38 gwei

Opensea: Sale
Low: $22.48
Avg: $22.48
High: $22.48

Uniswap V3: Swap
Low: $20.50
Avg: $20.50
High: $20.50

USDT: Transfer
Low: $6.01
Avg: $6.01
High: $6.01",0,0,Erc20Gas,657,1519802401271824385
168,Thu Apr 28 22:15:01 +0000 2022,HOLD YOUR #AKITA!#AKITADAO IS COMING!!!$Akita #AKITAINU #AkitaNetwork #AkitaArmy #AkitaToken #Crypto #BTC #BNB #ETH #…,0,0,TristaMalachi,0,1519802390123266050
169,Thu Apr 28 22:14:59 +0000 2022,📈 ETHUSD BUY signal now (severity: 2) #eth #crypto #DCA #TradingSignals #BTC #Bitcoin 28/4/2022@22:14:59,0,0,JonasNRDSTRM,462,1519802382783328258
170,Thu Apr 28 22:14:55 +0000 2022,@Rodolfodelaluz2 @ArtworksLuthy I'm logging into the nft platform with 21 different characters!  If you want to see my gangsta gang please follow!  #Metaverse #NF #nftart #NFTGiveaways #Crypto #Etherum #ETH #nftcollector #nftnews #EthereumClassic #NFTCommmunity #Nftwhitelist #tezos,0,0,metaoctopusnft,24,1519802366769471491
171,Thu Apr 28 22:14:15 +0000 2022,"Looking for Ideas.
500ada maximum budget
what should I mint or buy
#nft, #Cardano, #Ethereum 
Sell me your ideas!",0,0,KevinMulcock,153,1519802197499908096
172,Thu Apr 28 22:14:12 +0000 2022,"Giving away 1x Bored Ape 2x Moonbirds 3x Azuki and 3k $sol and $eth 
-Follow
-Like 
-Retweet
-Tag 70 friends
- Send me nudes if you are girl
-72 HOURS LETS GO! GOOD LUCK!
#nft #nfts #sol #eth #solana #ethereum #MagicEden #opensea #bayc #BoredApeYachtClub #MoonbirdsNFT #Azuki #Gw",0,0,migabajt,64,1519802188599631872
173,Thu Apr 28 22:14:10 +0000 2022,@lofi_dreamz I'm logging into the nft platform with 21 different characters!  If you want to see my gangsta gang please follow!  #Metaverse #NF #nftart #NFTGiveaways #Crypto #Etherum #ETH #nftcollector #nftnews #EthereumClassic #NFTCommmunity #Nftwhitelist #tezos,0,1,metaoctopusnft,24,1519802178512293893
174,Thu Apr 28 22:14:03 +0000 2022,"@HowtoPulse #PulseChain is x4 faster than #Ethereum and the fees will be a fraction of a fraction of a penny. No admin keys, trustless, no middleman, true #DeFi. It's you and the code. The future of crypto. It didn't launch yet, so we all can be future millionaires.",0,3,MarcoMerola1991,62,1519802149689077761
175,Thu Apr 28 22:13:42 +0000 2022,"@Hasbulla_NFT Coffee, the drink of champions!! Hey 👋 check out this community project #Shibvinci let us know what you think 🧐 #nft #eth #100xgem",0,0,maharaj_aneal,65,1519802060467757058
176,Thu Apr 28 22:13:34 +0000 2022,"5 coins that will connect you !!!

@Ripple #xrp 
@ankr #ankr
@0xPolygon #matic
@VitalikButerin #Ethereum 
@quant_network #qnt

I wish you guys nothing but success and prosperity, no! Not the coins to you who is reading. Paradigm shift ASAP

@thebearablebull",0,0,Cjdizzofficial,5,1519802027714490368
177,Thu Apr 28 22:13:17 +0000 2022,Slow 20 | Normal 30 | Fast 43.8 | Instant 43.8 👈 current Ethereum gas prices in gwei. DM me a price and I will DM you as soon as gas drops below that price 👍 #Ethereum #GasPrice #ETHGasPrice #ETH,0,0,ETHGasPriceBot,1164,1519801957015240712
178,Thu Apr 28 22:13:05 +0000 2022,"@CikoTrader $LTO  #LTO GO 5$🚀🚀🚀😎
Has 100x boost potential!
1-  WEB3.0✅
2 - NFT 2.0✅
3-  METAVERSE✅
4 - Casino Services✅
5 - DAO Maker✅
6-  DeFi✅
7-  New Tokenomics %15 APY✅
8 - Privacy Oriented ✅
And more😎
#Bitcoin #ETH $xrp $SLP $SOL $Btc #Gtm #APE",0,0,Cansever7S,325,1519801906079715329
179,Thu Apr 28 22:12:56 +0000 2022,$dar last 4 days 👏🏻👏🏻🐳 #BTC #Ethereum #DAR 🐳😱🚀🌌 @MinesOfDalarnia,0,0,onlysa34,200,1519801868385497090
180,Thu Apr 28 22:12:54 +0000 2022,"@valgalcrypto  Discover how to earn real-life #crypto in our online multiplayer game. 

BETA: mid July 
Join us on Discord and become an early adopter
follow us on twitter

#p2egaming #GameFi #ETH #cryptocurrency #cryptocurrencies #blockchain",0,0,Gametokentech,2375,1519801858394574848
181,Thu Apr 28 22:12:49 +0000 2022,"@intocryptoverse ElonTwitterino ($ETINO) @ETw1tterino just started. Be one of the first holders and wait for x100 🚀🚀🚀🚀💥💥💥
#bnb #Binance #ElonMusk #Tokenomics #tokens #cryptocurrency #pankcakeswap #ToTheMoon #Bitcoin #shiba #SHIB #dogecoin #Ethereum #memecoin #MemeTech",0,0,Piotrcrypto1,2,1519801836655595521
182,Thu Apr 28 22:12:37 +0000 2022,"This project has developed by a strong and promising team and a long-term opportunity to make big profits from this project so guys support this project.
#FGW #FunnyGameWorld #crypto #bitcoin #cryptocurrency #blockchain #bounty #binance #eth #token #coinsbit",0,0,ShakilK28610437,1760,1519801787007791105
183,Thu Apr 28 22:12:25 +0000 2022,"@xAslim_x $LTO  #LTO GO 5$🚀🚀🚀😎
Has 100x boost potential!
1-  WEB3.0✅
2 - NFT 2.0✅
3-  METAVERSE✅
4 - Casino Services✅
5 - DAO Maker✅
6-  DeFi✅
7-  New Tokenomics %15 APY✅
8 - Privacy Oriented ✅
And more😎
#Bitcoin #ETH $xrp $SLP $SOL $Btc #Gtm #APE",0,0,Cansever7S,325,1519801738815066112
184,Thu Apr 28 22:12:16 +0000 2022,"@flyily35 $LTO  #LTO GO 5$🚀🚀🚀😎
Has 100x boost potential!
1-  WEB3.0✅
2 - NFT 2.0✅
3-  METAVERSE✅
4 - Casino Services✅
5 - DAO Maker✅
6-  DeFi✅
7-  New Tokenomics %15 APY✅
8 - Privacy Oriented ✅
And more😎
#Bitcoin #ETH $xrp $SLP $SOL $Btc #Gtm #APE",0,0,Cansever7S,325,1519801701141725184
185,Thu Apr 28 22:12:07 +0000 2022,Requesting faucet funds into 0x28b9bb722befc6Dd23B66288947D7C94d0BA6c63 on the #Rinkeby #Ethereum test network.,0,0,ChoukriFB,0,1519801661719564288
186,Thu Apr 28 22:12:06 +0000 2022,"And I want to say it again

-&gt; -&gt; -&gt; 5 digits

#ENS #ensdomain #Ethereum #opensea #OpenSeaNFT #Metaverse #Web3",1,5,Laro_eth,408,1519801658355683328
187,Thu Apr 28 22:11:43 +0000 2022,"Network Status: Online

ΞETH Net Load: 🔲🔲🔳🔳🔳🔳 : ✅

⛏ Block Price: 38 Gwei

📈 $ 2,936.99: bearish 🐻
#eth #gas #price",0,0,open__os,22,1519801560875913216
188,Thu Apr 28 22:11:32 +0000 2022,@WoofSolana @WoofDao @Grim__Syndicate WOOF WOOF! Let's go! #eth #crypto #solana #nft #btc,0,5,gibfeet,357,1519801516940529664
189,Thu Apr 28 22:11:30 +0000 2022,"@9Electric $LTO  #LTO GO 5$🚀🚀🚀😎
Has 100x boost potential!
1-  WEB3.0✅
2 - NFT 2.0✅
3-  METAVERSE✅
4 - Casino Services✅
5 - DAO Maker✅
6-  DeFi✅
7-  New Tokenomics %15 APY✅
8 - Privacy Oriented ✅
And more😎
#Bitcoin #ETH $xrp $SLP $SOL $Btc #Gtm #APE",0,0,Cansever7S,325,1519801505880150018
190,Thu Apr 28 22:11:29 +0000 2022,"Current Price:
#Bitcoin:$39,825.56
#Litecoin:$103.53
#dogecoin:$0.14
#Ethereum:$2,932.51
#EthereumClassic:$31.05
#BitcoinCash:$307.28",0,0,yashthakrar1996,77,1519801500985626624
191,Thu Apr 28 22:11:08 +0000 2022,"I am fu..n broke since I lost $10k
Please send me something and I will DM ❤  
0xa119A47a703429B7092024d2bD53b59913FdE26f

#Web3 #NFTs #NFTCommunity #APE #DeFi #Metaverse #DAO #Blockchain #BTC #ETH #Solana #Crypto #Giveaway #airdrop #Launch #GameFi #gaming #USDT #BNB #ElonMusk",0,1,Cryptos_Girl,595,1519801413391425536
192,Thu Apr 28 22:11:03 +0000 2022,Slow 20 | Normal 27.1 | Fast 40.5 | Instant 65 👈 current Ethereum gas prices in gwei. DM me a price and I will DM you as soon as gas drops below that price 👍 #Ethereum #GasPrice #ETHGasPrice #ETH,0,0,ETHGasPriceBot,1164,1519801391811858434
193,Thu Apr 28 22:11:02 +0000 2022,@MrBeast huge fan of yours. Would love to do a collab with you to give away some #NFTs to the world. #Layer2 #Ethereum,0,4,ds0uz,299,1519801387869085696
194,Thu Apr 28 22:10:52 +0000 2022,@TheShibLord1 BIG Gem here @shibayc_eth $SBAYC #SHIBAYC #100xGems #NFTs #PVP #P2E #ETH #APE Something big happening 👀🚀🚀,0,3,AREUSHILLINGME,9746,1519801347436130305
195,Thu Apr 28 22:10:49 +0000 2022,@camilleachiang @andr3w I'm logging into the nft platform with 21 different characters!  If you want to see my gangsta gang please follow!  #Metaverse #NF #nftart #NFTGiveaways #Crypto #Etherum #ETH #nftcollector #nftnews #EthereumClassic #NFTCommmunity #Nftwhitelist #tezos,0,0,metaoctopusnft,24,1519801334265962497
196,Thu Apr 28 22:10:45 +0000 2022,"🔔Price updates for different #crypto assets that get price predictions on 🦥SlothTrading:

#ETH: $2,932.56
#DOT: $17.01
#SOL: $97.90
#LUNA: $88.54
#XRP: $0.6432
#AVAX: $67.27

💥New predictions every hour",0,0,SlothTradingBot,16,1519801318755418112
197,Thu Apr 28 22:10:42 +0000 2022,@HowtoPulse #Ethereum holders get on #PulseChain and never regret that decision! Largest #Airdrop in History.,2,7,Kikatzu,47,1519801305518297090
198,Thu Apr 28 22:10:34 +0000 2022,"Current Market Prices, April 28th 2022: 

#Bitcoin ≈ $40,000
#Ethereum ≈ $2,985
#Solana ≈ $98.00
#Cardano ≈ $0.85

#Gold ≈ $1,900.00 per Ounce
#Silver ≈ $23.44 per Ounce",0,0,DarkMatterMoney,11,1519801271070375941
199,Thu Apr 28 22:10:33 +0000 2022,"@Mhamou9 $LTO  #LTO GO 5$🚀🚀🚀😎
Has 100x boost potential!
1-  WEB3.0✅
2 - NFT 2.0✅
3-  METAVERSE✅
4 - Casino Services✅
5 - DAO Maker✅
6-  DeFi✅
7-  New Tokenomics %15 APY✅
8 - Privacy Oriented ✅
And more😎
#Bitcoin #ETH $xrp $SLP $SOL $Btc #Gtm #APE",0,2,Cansever7S,325,1519801268662784001
200,Thu Apr 28 22:10:25 +0000 2022,"$BTC: $6,714.33 (559.53%)
$ETH: $20,417.01 (1,701.42%)
$ADA: $29,581.40 (2,465.12%)
$BNB: $31,016.56 (2,584.71%)
$DOGE: $84,432.99 (7,036.08%)
$LINK: $4,842.17 (403.51%)
$TRX: $6,234.11 (519.51%)
$XRP: $4,063.97 (338.66%)

#bitcoin #doge #cardano #ethereum #bnb",0,0,crypto_stimulus,1201,1519801232776478720
201,Thu Apr 28 22:10:09 +0000 2022,@blockchainshay I'm logging into the nft platform with 21 different characters!  If you want to see my gangsta gang please follow!  #Metaverse #NF #nftart #NFTGiveaways #Crypto #Etherum #ETH #nftcollector #nftnews #EthereumClassic #NFTCommmunity #Nftwhitelist #tezos,0,0,metaoctopusnft,24,1519801167949320192
202,Thu Apr 28 22:10:06 +0000 2022,"$BTC: $972.38 (69.46%)
$ETH: $2,314.10 (165.29%)
$ADA: $1,142.53 (81.61%)
$BNB: $2,154.50 (153.89%)
$DOGE: $3,455.70 (246.84%)
$LINK: $621.29 (44.38%)
$TRX: $1,778.28 (127.02%)
$XRP: $2,043.35 (145.95%)
$CAKE: $1,046.11 (74.72%)

#btc #eth #ada #bnb #doge #cake",0,0,1400stimulus,700,1519801154665857024
203,Thu Apr 28 22:10:03 +0000 2022,"4chan /biz/ coin mentions (past hour)

#1🥇 Bitcoin: 22 (+0)
#2🥈 Ethereum: 14 (+0)
#3🥉 Chainlink: 11 (-9)
#4 Monero: 9 (+7)
#5 ApeCoin: 9 (-6)
#6 Avalanche: 7 (+0)

#BTC #ETH $LINK #XMR $APE #AVAX",0,0,coinboole,1983,1519801141906882561
204,Thu Apr 28 22:09:32 +0000 2022,Mines of Dalarnia (DAR) went up 10.2 percent in the last 30 minutes on Binance. #DAR  #crypto #bitcoin #cryptocurrency #btc #ethereum #blockchain #eth #trading #altcoin #binance #cryptonews,0,0,cryptoalerted,84,1519801011380142081
205,Thu Apr 28 22:09:29 +0000 2022,"New NFT Project @cybotz_nft🔥
#nftart #ETH #cybotz_nft #openseaNFT

Top 10 #NFT sales in last hour

145.00 eth Bored Ape Yacht Club 3647
54.69 eth  M1 Mutant Serum
41.69 eth  Mutant Ape Yacht Club 7357
38.69 eth  Mutant Ape Yacht Club 1270
38.20 eth  Mutant Ape Yacht Club 14170",0,1,NftsRankingBot,1185,1519800999577333760
206,Thu Apr 28 22:09:13 +0000 2022,@apecoin Eth 2.0 - What happens to ApeCoin when ETH goes from PoW to PoS? Will it be a smooth transition or will the contract need to be altered? #Ethereum #ETHgate,0,0,xrpto100,5,1519800933252698112
207,Thu Apr 28 22:08:58 +0000 2022,"@bygokcebey $LTO  #LTO GO 5$🚀🚀🚀😎
Has 100x boost potential!
1-  WEB3.0✅
2 - NFT 2.0✅
3-  METAVERSE✅
4 - Casino Services✅
5 - DAO Maker✅
6-  DeFi✅
7-  New Tokenomics %15 APY✅
8 - Privacy Oriented ✅
And more😎
#Bitcoin #ETH $xrp $SLP $SOL $Btc #Gtm #APE",0,0,Cansever7S,325,1519800871491670019
208,Thu Apr 28 22:08:56 +0000 2022,"3000$ is inevitable 👀

#ETH $ETH",0,0,ZeKingTrader,271,1519800860003426304
209,Thu Apr 28 22:08:26 +0000 2022,"@Ringsofpower_ $LTO  #LTO GO 5$🚀🚀🚀😎
Has 100x boost potential!
1-  WEB3.0✅
2 - NFT 2.0✅
3-  METAVERSE✅
4 - Casino Services✅
5 - DAO Maker✅
6-  DeFi✅
7-  New Tokenomics %15 APY✅
8 - Privacy Oriented ✅
And more😎
#Bitcoin #ETH $xrp $SLP $SOL $Btc #Gtm #APE",0,0,Cansever7S,325,1519800734807732224
210,Thu Apr 28 22:08:18 +0000 2022,Slow 20 | Normal 28 | Fast 48.4 | Instant 63 👈 current Ethereum gas prices in gwei. DM me a price and I will DM you as soon as gas drops below that price 👍 #Ethereum #GasPrice #ETHGasPrice #ETH,0,0,ETHGasPriceBot,1164,1519800703119671297
211,Thu Apr 28 22:08:12 +0000 2022,"[positive] ""The NFT sector is projected to move around $800 billion over next 2 years: Report"" #CoinTelegraph #cryptonews #ethereum #HODLmentality #itemsingames #respondentshighlighted",0,0,cryptonews_plus,13,1519800674720047108
212,Thu Apr 28 22:08:09 +0000 2022,"@PolyKripto $LTO  #LTO GO 5$🚀🚀🚀😎
Has 100x boost potential!
1-  WEB3.0✅
2 - NFT 2.0✅
3-  METAVERSE✅
4 - Casino Services✅
5 - DAO Maker✅
6-  DeFi✅
7-  New Tokenomics %15 APY✅
8 - Privacy Oriented ✅
And more😎
#Bitcoin #ETH $xrp $SLP $SOL $Btc #Gtm #APE",0,0,Cansever7S,325,1519800666042085382
213,Thu Apr 28 22:08:05 +0000 2022,ETH Gas is now valued at 45! #ETH #gwei #GasAlert $ETH || ID: 1651183684.969037,0,0,CryptoPingBOT,55,1519800645393526785
214,Thu Apr 28 22:08:02 +0000 2022,"@RidwanOdunlami2 @Boldkid2 $LTO  #LTO GO 5$🚀🚀🚀😎
Has 100x boost potential!
1-  WEB3.0✅
2 - NFT 2.0✅
3-  METAVERSE✅
4 - Casino Services✅
5 - DAO Maker✅
6-  DeFi✅
7-  New Tokenomics %15 APY✅
8 - Privacy Oriented ✅
And more😎
#Bitcoin #ETH $xrp $SLP $SOL $Btc #Gtm #APE",0,1,Cansever7S,325,1519800635931168768
215,Thu Apr 28 22:07:39 +0000 2022,"@moneyqueen3458 #ETH
0xF6eF6b073F3Cff5b7b8226020791f1d9ACDc74e4",0,0,D_winnerr,48,1519800537830797312
216,Thu Apr 28 22:07:27 +0000 2022,"#DeFi #ethax #ethaxcrypto #ethaxtoken #DEX #cryptocurrency #Ethereum #BinanceSmartChain #BitcoinCrash 

let's join them and I recommend to continue to monitor their progress going forward, because this project has a greater potential for success",0,1,dewidarnita123,5545,1519800487130066945
217,Thu Apr 28 22:07:26 +0000 2022,Daily giveaway🎁🍀We are giving away🎁: 🏆 50$ #ETH🏆 3 FREE NFTs ($110)✅To enter1️⃣ ❤️ &amp;amp; RT2️⃣ Follow llonghornlo…,0,0,FloraWild2,9,1519800482486788097
218,Thu Apr 28 22:07:23 +0000 2022,"New NFT Project @cybotz_nft🔥
#nftart #ETH #cybotz_nft #openseaNFT

Top 10 #NFTCollections sales in last hour

132  MUSHEEZ
87   Gutter Juice
59   ENS: Ethereum Name Service
45   Ragnarok Meta
39   Baby Doge Army",0,1,NftsRankingBot,1185,1519800471141199872
219,Thu Apr 28 22:07:22 +0000 2022,@AlecoNFT @griff_nation I'm logging into the nft platform with 21 different characters!  If you want to see my gangsta gang please follow!  #Metaverse #NF #nftart #NFTGiveaways #Crypto #Etherum #ETH #nftcollector #nftnews #EthereumClassic #NFTCommmunity #Nftwhitelist #tezos,0,2,metaoctopusnft,24,1519800467823505409
220,Thu Apr 28 22:07:21 +0000 2022,"@funnygameworld FGW #FunnyGameWorld #crypto #bitcoin #cryptocurrency #blockchain #bounty #binance #eth #token #coinsbit is good and amazing project, cryptocurrency global is powerful project, i proud of your project, I hope this project will be more developed and better",0,1,Ziaur50001,1412,1519800463188951040
221,Thu Apr 28 22:07:02 +0000 2022,Do you think elonmusk should buy #VINU ! 👀#bitcoin #BTC #Etherum #ETH #SHIB #SHINJA #dogecoin #DOGE #ElonMusk #FLOKI #RAC…,0,0,JulieHo88619321,16,1519800383379451904
222,Thu Apr 28 22:06:44 +0000 2022,@killerqueen_nft I'm logging into the nft platform with 21 different characters!  If you want to see my gangsta gang please follow!  #Metaverse #NF #nftart #NFTGiveaways #Crypto #Etherum #ETH #nftcollector #nftnews #EthereumClassic #NFTCommmunity #Nftwhitelist #tezos,0,1,metaoctopusnft,24,1519800306086916099
223,Thu Apr 28 22:06:38 +0000 2022,"Join the $FCKPUTIN community! 🚫🖕

#Putin #Ukraine #Cryptos #Crypto #cryptocurrency #cryptotrading #cryptotrading #memecoin #MemeToken #Binance #Bitcoin #Ethereum #BTC #BNB #ETH",0,0,Fuckputintoken,3,1519800281592119296
224,Thu Apr 28 22:06:32 +0000 2022,"#DeFi #ethax #ethaxcrypto #ethaxtoken #DEX #cryptocurrency #Ethereum #BinanceSmartChain #BitcoinCrash 

Every project has a good offer in running, but in this project has more bargaining value, the success rate is very large going forward",0,1,dewidarnita123,5545,1519800256577552384
225,Thu Apr 28 22:06:18 +0000 2022,Slow 20 | Normal 23 | Fast 50.6 | Instant 61.1 👈 current Ethereum gas prices in gwei. DM me a price and I will DM you as soon as gas drops below that price 👍 #Ethereum #GasPrice #ETHGasPrice #ETH,0,0,ETHGasPriceBot,1164,1519800197408251910
226,Thu Apr 28 22:06:08 +0000 2022,"@Happiz5 @rovercrc @ArchieNeko_ @BTCTN @elonmusk @OfficialTravlad @TheMoonCarl @Ralvero @ArchieNeko_
$ARCHIE
❤️CAN’T GO WRONG WITH #ARCHIE ❤️NOW UNTIL MAY 2nd, 0.1 #ETH OR MORE PURCHASE💥💥CHANCE TO WIN 1 ETH WORTH OF 🔥#ArchieNeko🔥 TOKENS. PLUS GET 750 HOLDERS AND WE'LL BURN 250 QUINTILLION TOKENS. #ERC20 #NFTs #Blockchain  #Staking @ArchieNeko_ #ARCHIE 🔥",0,0,GeoffGr74476462,330,1519800157302575104
227,Thu Apr 28 22:05:58 +0000 2022,@shahh I'm logging into the nft platform with 21 different characters!  If you want to see my gangsta gang please follow!  #Metaverse #NF #nftart #NFTGiveaways #Crypto #Etherum #ETH #nftcollector #nftnews #EthereumClassic #NFTCommmunity #Nftwhitelist #tezos,0,0,metaoctopusnft,24,1519800113241198592
228,Thu Apr 28 22:05:48 +0000 2022,"@PaulPenno @jemimajoanna The Peter Schiff argument applies to &gt;99% of cryptocurrencies, that is, they have no inherent utility backing price, their price is entirely speculating on thin air.

For the coins with utility, this is not the case. You need $ETH to pay fees to use #Ethereum, for instance.",0,0,MattTheTaxSlave,302,1519800071851851781
229,Thu Apr 28 22:05:35 +0000 2022,"@infura_io Since Infura does not provide about #ETH problem details, it is understood that there is a trust issue. But The #Energi does not leave its infrastructure to anyone's initiative. #Decentralized and will continue as the most reliable Crypto",0,0,MakerOpensea,874,1519800016566636550
230,Thu Apr 28 22:05:16 +0000 2022,"#DeFi #ethax #ethaxcrypto #ethaxtoken #cryptocurrency #Ethereum #BinanceSmartChain #BitcoinCrash 

Good strategy and very talented team with interesting ideas, have detailed long and short term development plans, the development of this project will be big going forward",0,1,dewidarnita123,5545,1519799936833191937
231,Thu Apr 28 22:05:12 +0000 2022,"100$  #ETH ----  1 🏆 Winners       
                                                                
To enter:                                                                               
1. Retweet &amp; Follow me
2. Drop Wallet Address",69,59,moneyqueen3458,1916,1519799923016929280
232,Thu Apr 28 22:05:09 +0000 2022,"bruh.... #NFTs are a scam

#nfts #nft #nftart #nftcommunity #nftcollector #nftartist #crypto #digitalart #cryptoart #art #ethereum #opensea #nftcollectors #blockchain #nftdrop #cryptocurrency #nftcollectibles",0,0,ElChickenFinger,6,1519799908991176706
233,Thu Apr 28 22:05:08 +0000 2022,"@HowtoPulse Double your coins on a brand new #Ethereum fork, with lower fees, less energy usage and higher throughput - #pulsechain, brought to you by @RichardHeartWin 

#FLOKI  #cryptocurrency #LUNA #AVAX #Matic #LINK #ZRX #UNI #FTX #BTT #link #bch #uni #leo #ftt #ape #xlm #algo #XMR",0,1,Sebastian__Cuba,12,1519799905732153345
234,Thu Apr 28 22:04:32 +0000 2022,@funnygameworld This project is the most promising and reliable project now. This is a project from a great team. I hope this is a big project for the future. #FGW #FunnyGameWorld #crypto #bitcoin #cryptocurrency #blockchain #bounty #binance #eth #token #coinsbit,0,0,mohsin7005,7358,1519799755429191681
235,Thu Apr 28 22:04:17 +0000 2022,Slow 20 | Normal 28.3 | Fast 59.8 | Instant 61.3 👈 current Ethereum gas prices in gwei. DM me a price and I will DM you as soon as gas drops below that price 👍 #Ethereum #GasPrice #ETHGasPrice #ETH,0,0,ETHGasPriceBot,1164,1519799692649181184
236,Thu Apr 28 22:04:03 +0000 2022,"Going up signal on a 30 minute chart!
Price: \384034.0 (2022/04/29 06:58)
#ETH #ethereum",0,0,EthMacd,585,1519799634310311937
237,Thu Apr 28 22:03:55 +0000 2022,"@energi Since #Infura does not provide about this #ETH details, it is understood that there is a trust issue. #Energi does not leave its infrastructure to anyone's initiative. Decentralized and will continue as  be The safest Crypto",0,1,MakerOpensea,874,1519799600521043969
238,Thu Apr 28 22:03:53 +0000 2022,"@elonmusk I'm giving $1000 in $ETH among the first 3800 people who follow and retweet! 💵

Drop your #ETH wallets address 👇",1,1,HHamdok,4,1519799590932914176
239,Thu Apr 28 22:03:51 +0000 2022,@EverRise @TitanEverRise #EverRise #RISE $RISE #LetUsIn #cryptocurrency #DeFi  #NFT #EverRiseV3 #EverRiseEDU #HODL #Crypto #Polygon #Ethereum #EverMigrate #EverSwap #BinanceSmartChain,0,0,EverriseF,168,1519799580803702796
240,Thu Apr 28 22:03:50 +0000 2022,@AntonCryptoNFT @BTCVantage Hey guys don't forget to leave a minimum of 10 million @BTCVantage in your wallets to qualify for the automatic #ETH lottery next Friday!!,0,0,Tom_pc89,29,1519799578450669568
241,Thu Apr 28 22:03:44 +0000 2022,"@WaqasAzizAbbasi @Happiz5 @cryptojack @ArchieNeko_ @BTCTN @elonmusk @OfficialTravlad @TheMoonCarl @Ralvero @ArchieNeko_
$ARCHIE
❤️CAN’T GO WRONG WITH #ARCHIE ❤️NOW UNTIL MAY 2nd, 0.1 #ETH OR MORE PURCHASE💥💥CHANCE TO WIN 1 ETH WORTH OF 🔥#ArchieNeko🔥 TOKENS. PLUS GET 750 HOLDERS AND WE'LL BURN 250 QUINTILLION TOKENS. #ERC20 #NFTs #Blockchain  #Staking @ArchieNeko_ #ARCHIE 🔥",0,0,GeoffGr74476462,330,1519799551271784449
242,Thu Apr 28 22:03:42 +0000 2022,"@Bitsubishi Amazing this for projects 

#Bitsubishi #Bitcoin #Crypto #BNB #BTC #ETH #Binance",0,0,Ua_dado,45,1519799545991168000
243,Thu Apr 28 22:03:31 +0000 2022,"@LVNFTs I'm giving $1000 in $ETH among the first 3800 people who follow and retweet! 💵

Drop your #ETH wallets address 👇",1,1,HHamdok,4,1519799499497091072
244,Thu Apr 28 22:03:15 +0000 2022,I suggest you buy HEX now and ask questions later #ETH,0,0,mmxcxi,16,1519799430102360065
245,Thu Apr 28 22:03:14 +0000 2022,"1/2 When we know that the $ or € or other FIATs of a sovereign country can be blocked and seized by another sovereign state, it is normal for the leaders of these countries to seek ways to secure themselves in their national interest. #bitcoin #ethereum #klever #tron #Cryptos",0,1,EkvaraK,143,1519799427854176264
246,Thu Apr 28 22:03:14 +0000 2022,Bringing Anime SZN BACK #Ethereum #Eth #Anime #Luffy #Goku #Deku #Uraraka #UrarakaInu,0,0,snkrslebo,1,1519799426688028672
247,Thu Apr 28 22:03:11 +0000 2022,"I'm giving $1000 in $ETH among the first 3800 people who follow and retweet! 💵

Drop your #ETH wallets address 👇",1,2,HHamdok,4,1519799413757075456
248,Thu Apr 28 22:03:05 +0000 2022,"Can I get a break with these effin gas fees? 
I got all my accounts jammed up I am FACKED right now
#ETH #NFT",0,2,freelunchtrades,48,1519799390944337921
249,Thu Apr 28 22:03:02 +0000 2022,"Strongest Movers in #USDT
 1 #SKALE $skl 
 2 #LidoDAO $ldo 
 3 #PancakeSwap $cake 
 4 #Kava $kava 

#BTC #ETH #BNB #SAND",1,0,DCA_Cryptoz,13934,1519799377568620544
250,Thu Apr 28 22:03:00 +0000 2022,"#ETHereum #ETH impulse bar 2927.41 - 2938.13

$ETH Bar close 2929.24

#Crypto short term volatility detection",0,0,FindCoinAction,371,1519799368680808448
251,Thu Apr 28 22:02:58 +0000 2022,"JUST IN: #Ethereum whale ""BlueWhale0073"" has purchased 100,469,653,862 Shiba Inu tokens worth $2.3 million USD. well, I'll be doing some giveaway if interested paste you wallet in my inbox...👍👍",0,0,Cryptob01335853,2,1519799358648168449
252,Thu Apr 28 22:02:57 +0000 2022,"@jemimajoanna The Peter Schiff argument applies to &gt;99% of cryptocurrencies, that is, they have no inherent utility backing price, their price is entirely speculating on thin air.

For the coins with utility, this is not the case. You need $ETH to pay fees to use #Ethereum, for instance.",0,0,MattTheTaxSlave,302,1519799357326999554
253,Thu Apr 28 22:02:56 +0000 2022,"@DogeorTesla I'm giving $1000 in $ETH among the first 3800 people who follow and retweet! 💵

Drop your #ETH wallets address 👇",0,0,HHamdok,4,1519799350460923907
254,Thu Apr 28 22:02:41 +0000 2022,@HowtoPulse #PulseChain hasn't launched yet. We are all extremely early to something that can be a true game changer in the crypto space. x4 Faster than #Ethereum and fees are a fraction of a fraction of a penny.,0,0,MarcoMerola1991,62,1519799289165328386
255,Thu Apr 28 22:02:39 +0000 2022,@LindaPJones Always wondered why #eth took off so fast and got so much funding? Glad others figured it out,0,0,ZombiLiving,462,1519799278582992896
256,Thu Apr 28 22:02:21 +0000 2022,Anyone buying #ETH #BTC or #SOL today? Seems like a beautiful day for it 🤠🙌💯,0,3,WGMI_Canada,523,1519799202594795520
257,Thu Apr 28 22:02:18 +0000 2022,My favorite people are active @Operation500k @SabianNFT  always doing the biggest giveaways!!!!  #nft #NFTCommunity #NFTs #NFTGiveaways #NFTdrop #Crypto #ETH #GiveawayNFT #NFTProject,1,5,Josephsax412,154,1519799193279336449
258,Thu Apr 28 22:02:17 +0000 2022,Slow 19.7 | Normal 23.2 | Fast 51 | Instant 71.4 👈 current Ethereum gas prices in gwei. DM me a price and I will DM you as soon as gas drops below that price 👍 #Ethereum #GasPrice #ETHGasPrice #ETH,0,0,ETHGasPriceBot,1164,1519799187336056833
259,Thu Apr 28 22:02:05 +0000 2022,"#Ethereum $ETH

Over the last 7 days #ETH has 
mostly been ranging between
$2,898.10 &amp; $2,990.31
ETH is looking Bearish
and is Trending DOWN

The Down Trend is weakening 

Level of Interest
Support $2,908.86
#Altoogle",0,0,TradinginTime,2604,1519799138799476736
260,Thu Apr 28 22:01:46 +0000 2022,Fuck em up verified 🔥Richard Heart 🔥!!! If you don’t know his name and you don’t know what HEX or Pulse are… get ahead of the learning curve while you still have time.  @RichardHeartWin #HEX #PulseChain #ETH #NFTGiveaways #APE #Bitcoin #cryptotrading #Crypto,0,1,mmxcxi,16,1519799056549269505
261,Thu Apr 28 22:01:46 +0000 2022,"@WatcherGuru ElonTwitterino ($ETINO) @ETw1tterino just started. Be one of the first holders and wait for x100 🚀🚀🚀🚀💥💥💥
#bnb #Binance #ElonMusk #Tokenomics #tokens #cryptocurrency #pankcakeswap #ToTheMoon #Bitcoin #shiba #SHIB #dogecoin #Ethereum #memecoin #MemeTech",0,0,Piotrcrypto1,2,1519799055655784448
262,Thu Apr 28 22:01:43 +0000 2022,"Network Status: Online

ΞETH Net Load: 🔲🔲🔲🔳🔳🔳 : ✅

⛏ Block Price: 54 Gwei

📈 $ 2,936.99: bearish 🐻
#eth #gas #price",0,1,open__os,22,1519799043827896322
263,Thu Apr 28 22:01:17 +0000 2022,@SabianNFT Meeee please I need this money #ETH,0,0,Crypto_NFT98,71,1519798934444593156
264,Thu Apr 28 22:01:10 +0000 2022,"Gas used in currently pending transactions:

🚀 15 seconds &gt;&gt;&gt;&gt; 76 Gwei
🚗 1 minute  &gt;&gt;&gt;&gt;&gt; 66 Gwei
🐌 3 minutes &gt;&gt;&gt;&gt;&gt; 56 Gwei
🦥 &gt;10 minutes &gt;&gt;&gt; 51 Gwei

#Ethereum #ETH #GasPrice",0,0,ETHgas,3250,1519798904749010944
265,Thu Apr 28 22:01:05 +0000 2022,"#Ethereum hourly net stats.
9pm - 10pm UTC
blocks:262
avgDiff:13.21 PH
hashRate:1.02 PH/s
avgSize:83.2 KB
txns:47117

#ETH #BTC #crypto",0,0,Twe_ether,193,1519798886487015424
266,Thu Apr 28 22:01:01 +0000 2022,📈 ETHUSD SELL signal now (partial) #eth #crypto #DCA #TradingSignals #BTC #Bitcoin 28/4/2022@22:1:1,0,0,JonasNRDSTRM,462,1519798867943960581
267,Thu Apr 28 22:01:01 +0000 2022,@HowtoPulse @PulsechainCom @RichardHeartWin @BoehnerPapah @celtoshi @nftonpulse @TheCryptoMando @Walrus37958891 @J_Money019 @BrotherKDG @VitalikButerin @LukassEdgars Double our bags! Free us from ludicrous #ETH fees @RichardHeartWin @PulsechainCom,1,6,clubhexico2036,67,1519798867344216069
268,Thu Apr 28 22:00:59 +0000 2022,📈 ETHUSD SELL signal now (partial) #eth #crypto #DCA #TradingSignals #BTC #Bitcoin 28/4/2022@22:0:59,0,0,JonasNRDSTRM,462,1519798859517546504
269,Thu Apr 28 22:00:56 +0000 2022,"Part 1/2:

BTCMarkets
#BTC: $56152
#BCH: $432
#ETH: $4126
#LTC: $146
#XRP: $0.91

Coinspot
#BTC: $56215
#ETH: $4125
#LTC: $147
#XRP: $0.91

Cointree
#BTC: $55393
#BCH: $421
#ETH: $4010
#LTC: $142
#XRP: $0.88",0,0,iluvbitcoins,257,1519798849413566465
270,Thu Apr 28 22:00:52 +0000 2022,@SabianNFT Done #ETH,0,1,DegenProdigy,250,1519798829947650049
271,Thu Apr 28 22:00:48 +0000 2022,"#ETH/#USDT from #Kucoin looks good for #trading.

For Detailed signals, use the link in profile &amp; contact admin for VIP membership plans.

#Bitcoin #Cryptocurrency",0,0,scalperSignals,1536,1519798815422828544
272,Thu Apr 28 22:00:45 +0000 2022,"@Jennifersperdu3 @Abyert @mobdaboss @Degenomics2000 @ArchieNeko_ @BTCTN @elonmusk @OfficialTravlad @TheMoonCarl @Ralvero @ArchieNeko_
$ARCHIE
❤️CAN’T GO WRONG WITH #ARCHIE ❤️NOW UNTIL MAY 2nd, 0.1 #ETH OR MORE PURCHASE💥💥CHANCE TO WIN 1 ETH WORTH OF 🔥#ArchieNeko🔥 TOKENS. PLUS GET 750 HOLDERS AND WE'LL BURN 250 QUINTILLION TOKENS. #ERC20 #NFTs #Blockchain  #Staking @ArchieNeko_ #ARCHIE 🔥",0,0,GeoffGr74476462,330,1519798802248761344
273,Thu Apr 28 22:00:45 +0000 2022,"🔔Price updates for different #crypto assets that get price predictions on 🦥SlothTrading:

#ETH: $2,936.20
#DOT: $17.06
#SOL: $98.05
#LUNA: $88.59
#XRP: $0.6442
#AVAX: $67.36

💥New predictions every hour",0,0,SlothTradingBot,16,1519798801975939074
274,Thu Apr 28 22:00:29 +0000 2022,@Jennifersperdu3 @wealthdacreator @ArchieNeko_ Best project ever $ARCHIE #ArchieNeko @ArchieNeko_ #eth @elonmusk #YieldFarming #staking,0,0,BraiantChief,30,1519798734816653312
275,Thu Apr 28 22:00:27 +0000 2022,@tulangmaya I'm logging into the nft platform with 21 different characters!  If you want to see my gangsta gang please follow!  #Metaverse #NF #nftart #NFTGiveaways #Crypto #Etherum #ETH #nftcollector #nftnews #EthereumClassic #NFTCommmunity #Nftwhitelist #tezos,0,0,metaoctopusnft,24,1519798728059666433
276,Thu Apr 28 22:00:27 +0000 2022,"@hua_terence Of course, but at the moment Bitcoin prices are volatile and #ETH can be chosen",0,1,annie542514,0,1519798727841841154
277,Thu Apr 28 22:00:20 +0000 2022,Drop your new #NFT here👇🏻🚀 #NFT #NFTarts #NFTartist #NFTnew #ETH #OpenSea #Polygon #NFTBinance #NFTCollection #NFTCollector #NFTCommunity #PromoteON,0,1,jsnchzl87,63,1519798698024194048
278,Thu Apr 28 22:00:16 +0000 2022,Slow 20 | Normal 29 | Fast 44.7 | Instant 58.2 👈 current Ethereum gas prices in gwei. DM me a price and I will DM you as soon as gas drops below that price 👍 #Ethereum #GasPrice #ETHGasPrice #ETH,0,0,ETHGasPriceBot,1164,1519798680664125452
279,Thu Apr 28 22:00:15 +0000 2022,"If you missed @Shibtoken Atleast buy @CheemsInu so you don't get depressed.
#ETH #BSC #MemeTech",0,0,Cheemsinu__,1,1519798676654284800
280,Thu Apr 28 22:00:11 +0000 2022,"The current price of #eth is $2,932.61, a decrease of -0.7%, a 24 hr volume of $18.15B, and a market cap of $353.16B",2,0,eth_hourly,2138,1519798657125654529
281,Thu Apr 28 22:00:07 +0000 2022,"#BTC $39847  $BTC
#ETH $2932.61  $Eth
#BNB $405.7  $Bnb",0,0,Pricecrypt0,93,1519798641111797763
282,Thu Apr 28 22:00:06 +0000 2022,"Ethereum - ETH
Price: $2,932.97
Change in 1h: -0.62064224%
Market cap: $353,617,749,944.55
Ranking: 2
#Ethereum #ETH",0,0,topcryptostats,4609,1519798640046272512
283,Thu Apr 28 22:00:06 +0000 2022,I should have bought some #APE but I still have #ETH,0,0,Mensah_almighty,1086,1519798638020505600
284,Thu Apr 28 22:00:03 +0000 2022,"#erc20gas #ETH #crypto 
⛽️Auto 15Min ETH Gas Tracking⛽️

GWEI:
Low: 39 gwei
Avg: 39 gwei
High: 39 gwei

Opensea: Sale
Low: $23.16
Avg: $23.16
High: $23.16

Uniswap V3: Swap
Low: $21.12
Avg: $21.12
High: $21.12

USDT: Transfer
Low: $6.20
Avg: $6.20
High: $6.20",0,0,Erc20Gas,657,1519798626444263425
285,Thu Apr 28 22:00:02 +0000 2022,"Project News:

We are closing a deal with one big name inf NFT space to join our side as our Marketing wing🚀

#NFTCommunity #NFTartist #NFTcollections #ETH",1,5,freakedpiggies,2754,1519798620542754816
286,Thu Apr 28 22:00:00 +0000 2022,"Top 10 #Cryptocurrency Live Prices: 
(06:00 PM . Apr 28,2022)

#BTC $39846.10
#ETH $2932.97
#BNB $405.88
#DOGE $0.14
#SHIB $0.0000229384
#AXS $37.87
#MANA $1.80
#UNI $8.15
#GM $0.0000166189
#KISHU $0.0000000012

Comments! Which coins would like to be listed?",0,0,StoreFiAi,770,1519798611990753282
287,Thu Apr 28 21:59:59 +0000 2022,📈 ETHUSD SELL signal now (partial) #eth #crypto #DCA #TradingSignals #BTC #Bitcoin 28/4/2022@21:59:59,0,1,JonasNRDSTRM,462,1519798608522063873
288,Thu Apr 28 21:59:39 +0000 2022,@Jennifersperdu3 @BrainHarrington @Fidelity @choicebyKT @ArchieNeko_ Best project ever $ARCHIE #ArchieNeko @ArchieNeko_ #eth @elonmusk #YieldFarming #staking,0,1,BraiantChief,30,1519798523637780480
289,Thu Apr 28 21:59:38 +0000 2022,@UrarakaInuEth Will lead Anime SZN LFG @PetaByteCapital @CryptoWizardd @iambroots @EricCryptoman @frombroke2bags @crypto_bitlord7#Ethereum #Eth #Anime #Luffy #Goku #Deku #Uraraka #UrarakaInu,0,0,snkrslebo,1,1519798522081517569
290,Thu Apr 28 21:59:25 +0000 2022,"In addition to those that lost their #ETH NFTs through the scam wallet signature method, we lost months of chat history from deleted Discord channels. Needless to say, this was a painful, senseless attack committed by a small person who won’t make a dent in this world. 3/8",0,6,DerpBirdsNFT,15257,1519798464447598592
291,Thu Apr 28 21:59:24 +0000 2022,"On #ETH, connecting your wallet and signing a transaction on a scam site allows the opposite party to transfer #ETH NFTs without your permission which is how the victims lost their #ETH NFT assets - this is also why Etherium recommends an empty wallet for minting. 2/8",0,5,DerpBirdsNFT,15257,1519798463390621697
292,Thu Apr 28 21:59:24 +0000 2022,"After a full assessment, it seems a hacker infiltrated our Discord server and bypassed our verification AND security bots to shill a fake Derp Birds #ETH mint. Though less than 10 victims fell for it, 1 is still too many and our deepest sympathies go out to each of you. 1/8",9,34,DerpBirdsNFT,15257,1519798462262390784
293,Thu Apr 28 21:59:23 +0000 2022,"hey if you're curious about my cyberpunk warrior follow me so you don't miss my nfts!  💖 Follow: @metaoctopusnft 
#WuuGoo #NFT #NFTCommunity #NFTgiveaway #Giveaway #Delivery #Metaverse #Metaversefashion #OpenSeaNFT #ETH #Metamask #CleanNFT #tez",0,1,metaoctopusnft,24,1519798459729068032
294,Thu Apr 28 21:59:20 +0000 2022,"Current #Ethereum Price: $2,951.95 📈",0,0,Ethereum_Hourly,200,1519798444180840450
295,Thu Apr 28 21:59:11 +0000 2022,"@EverRise @TitanEverRise #EverRise #RISE $RISE #LetUsIn #cryptocurrency #DeFi  #NFT #EverRiseV3 #EverRiseEDU #HODL #Crypto #Polygon #Ethereum #EverMigrate #EverSwap #BinanceSmartChain #ETH @EverRise

👀👀👀👀👀",0,0,EverriseF,168,1519798407644299270
296,Thu Apr 28 21:59:03 +0000 2022,"@CasheraOfficial Great project ….100x gem 🚀🚀🚀

#Binance   #Huobi  #Ethereum #100xgem #Gateio #Bitcoin   #BitcoinButton  #DogelonMars #MemeTech #Blockchain #LunarCrush #ElonMusk #KuCoin #Coinbase #FLOKI #Saitama #DonBelle #BNB #CZ #CoinGecko #gems #ALTSEASON #1000Xgems #Airdrop #APECOIN #GEM",0,0,billacrypto,91,1519798375641534464
297,Thu Apr 28 21:58:43 +0000 2022,security insurance project team clean project transparent project CEO @JeremyGuyet that most people don't know @Checkdot_proto $CDT #BNB  #ETH #BTC  @cz_binance,0,0,GhostriderEth,97,1519798288127602689
298,Thu Apr 28 21:58:22 +0000 2022,"🏆The winners of today's 1000 $EDAC prize are:
@dt_mele
@JOANALO00924138
@alincatal1n_

Send in your wallet!🚀
Tomorrow another prize, don't stop cheering!
#bnb #binance #cryptocurrecy #cryptotrading #Airdrop #AirdropCrypto #btc #eth",1,2,edac_token,2691,1519798202496659463
299,Thu Apr 28 21:58:21 +0000 2022,"Who's feeling tipsy?

#LFG #TIPZARMY #cryptocurrency #Crypto #BTC #ETH #DOGE #SOL #Solana #Tipzcoin 🍻",2,4,tipzcoin,11281,1519798199631990785
300,Thu Apr 28 21:58:16 +0000 2022,Slow 20.1 | Normal 30 | Fast 57.8 | Instant 77.9 👈 current Ethereum gas prices in gwei. DM me a price and I will DM you as soon as gas drops below that price 👍 #Ethereum #GasPrice #ETHGasPrice #ETH,0,0,ETHGasPriceBot,1164,1519798175351156738
301,Thu Apr 28 21:58:04 +0000 2022,ETH Gas is now valued at 62! #ETH #gwei #GasAlert $ETH || ID: 1651183083.9441733,0,0,CryptoPingBOT,55,1519798124524580864
302,Thu Apr 28 21:57:46 +0000 2022,"@funnygameworld 
FGW could have made complex strategic games, but they got tired of such games. 
#FGW #FunnyGameWorld #crypto #bitcoin #cryptocurrency #blockchain #bounty #binance #eth #token #coinsbit",0,0,guylacuna,10120,1519798050100764672
303,Thu Apr 28 21:56:48 +0000 2022,@VoltInuOfficial Another hint perhaps 🤔 #VOLTOSHI #altcoins $VOLT #VOLTINU #BSC #ETH,0,0,ChillaxSit,143,1519797808626384896
304,Thu Apr 28 21:56:43 +0000 2022,"Network Status: Online

ΞETH Net Load: 🔲🔲🔲🔲🔳🔳 : ⚡

⛏ Block Price: 64 Gwei

📈 $ 2,931.83: bearish 🐻
#eth #gas #price",0,0,open__os,22,1519797785142480897
305,Thu Apr 28 21:56:42 +0000 2022,"DISCOVER THE SUPER POWERS OF ETHAX AND DEFINE THE SUPER-HERO IN YOU.
#Defi #ethax #ethaxcrypto #ethaxtoken #DEX #Cryptocurrency #Ethereum #Binancesmartchain #Bitcoin",0,0,Ihuajie2,1526,1519797781195628545
306,Thu Apr 28 21:56:28 +0000 2022,"Our secure and reliable digital wallet designed to keep all your digital assets safe.
#Defi #ethax #ethaxcrypto #ethaxtoken #DEX #Cryptocurrency #Ethereum #Binancesmartchain #Bitcoin",0,0,Ihuajie2,1526,1519797723322630145
307,Thu Apr 28 21:56:28 +0000 2022,"@funnygameworld 
FGW wanted to design a platform where everyone can have fun and also win while playing. 
#FGW #FunnyGameWorld #crypto #bitcoin #cryptocurrency #blockchain #bounty #binance #eth #token #coinsbit",0,0,guylacuna,10120,1519797722538196993
308,Thu Apr 28 21:56:18 +0000 2022,"@RaavNFT $LTO  #LTO GO 5$🚀🚀🚀😎
Has 100x boost potential!
1-  WEB3.0✅
2 - NFT 2.0✅
3-  METAVERSE✅
4 - Casino Services✅
5 - DAO Maker✅
6-  DeFi✅
7-  New Tokenomics %15 APY✅
8 - Privacy Oriented ✅
And more😎
#Bitcoin #ETH $xrp $SLP $SOL $Btc #Gtm #APE",0,0,Cansever7S,325,1519797680385540099
309,Thu Apr 28 21:56:15 +0000 2022,Slow 21 | Normal 30 | Fast 66 | Instant 74.5 👈 current Ethereum gas prices in gwei. DM me a price and I will DM you as soon as gas drops below that price 👍 #Ethereum #GasPrice #ETHGasPrice #ETH,0,0,ETHGasPriceBot,1164,1519797669836869632
310,Thu Apr 28 21:56:14 +0000 2022,"No mom, buying 🅿️ee🅿️ is not a phase 🙄

#NFTCommunity #nft #eth #polygon #matic #solana #metaverse",1,8,NikolaPeep,85,1519797666380763137
311,Thu Apr 28 21:56:08 +0000 2022,"@HowtoPulse #PulseChain will double all my #ERC20 ? I'm in!! A new, x4 faster than #Ethereum  blockchain that has fees for a fraction of a fraction of a penny. Massive.",0,4,MarcoMerola1991,62,1519797638270525441
312,Thu Apr 28 21:55:55 +0000 2022,"The ETHAX Token is a utility token that can be used for Staking, paying for ETHAX license fees and exchanging for other cryptocurrencies.
#Defi #ethax #ethaxcrypto #ethaxtoken #DEX #Cryptocurrency #Ethereum #Binancesmartchain #Bitcoin",0,0,Ihuajie2,1526,1519797587188097024
313,Thu Apr 28 21:55:39 +0000 2022,"@CryptoGemsCom @Meter_IO 

Meter is a DeFi infrastructure with a built-in, crypto-native, metastable currency, functions as a decentralized, high-performance EVM compatible sidechain for Ethereum and other chains.

MarketCap: $18M
#MeterGovernance #Ethereum $MTRG $MTR",0,1,FaskyFAB,219,1519797518783164416
314,Thu Apr 28 21:55:34 +0000 2022,"@cryptoworld202 In 5 years I see #Crypto completely adopted all over the world.🌐🥂👏😎

✅No doubts!

#RLC #iExec #BTC #ETH #NFTs",0,0,PauloEspiritoS,1634,1519797498231107590
315,Thu Apr 28 21:55:34 +0000 2022,"""The one who innovates is #successful.The same thing happens in the field of #art.""
#SEMANES200302161423121413811127
#blockchain #cryptocurrecy #Crypto #Bitcoin #BTC #ETH #Ethereum #Binance #BNB #Metaverse #Web3 #DeFi #NFT #NFTs #NFTCommuntiy #NFTGiveaway #NFTartist #nftart #LOVE",0,1,SEMANESSEMANES,129,1519797496612073473
316,Thu Apr 28 21:55:33 +0000 2022,"@theKriptolik @idealistkripto @dedeccim $LTO  #LTO GO 5$🚀🚀🚀😎
Has 100x boost potential!
1-  WEB3.0✅
2 - NFT 2.0✅
3-  METAVERSE✅
4 - Casino Services✅
5 - DAO Maker✅
6-  DeFi✅
7-  New Tokenomics %15 APY✅
8 - Privacy Oriented ✅
And more😎
#Bitcoin #ETH $xrp $SLP $SOL $Btc #Gtm #APE",0,0,Cansever7S,325,1519797493701169152
317,Thu Apr 28 21:55:31 +0000 2022,"Through ETHAX’s unique ground-breaking machine learning technology, ETHAX simplifies the consumer process to create a trading platform for all investors.
#Defi #ethax #ethaxcrypto #ethaxtoken #DEX #Cryptocurrency #Ethereum #Binancesmartchain #Bitcoin",0,0,Ihuajie2,1526,1519797482733121536
318,Thu Apr 28 21:55:18 +0000 2022,#EverRise $RISE #LetUsIn #EverRiseV3 #EverRiseEDU #DeFi #Crypto #Cryptocurrency #NFT_Stakes #Ethereum #BuildStuff #Utility #…,0,0,BessAnne5,15,1519797428798607361
319,Thu Apr 28 21:54:45 +0000 2022,@DWszystkiego I'm logging into the nft platform with 21 different characters!  If you want to see my gangsta gang please follow!  #Metaverse #NF #nftart #NFTGiveaways #Crypto #Etherum #ETH #nftcollector #nftnews #EthereumClassic #NFTCommmunity #Nftwhitelist #tezos,0,0,metaoctopusnft,24,1519797292152283137
320,Thu Apr 28 21:54:30 +0000 2022,@nftcryptolady I'm logging into the nft platform with 21 different characters!  If you want to see my gangsta gang please follow!  #Metaverse #NF #nftart #NFTGiveaways #Crypto #Etherum #ETH #nftcollector #nftnews #EthereumClassic #NFTCommmunity #Nftwhitelist #tezos,0,0,metaoctopusnft,24,1519797229116080130
321,Thu Apr 28 21:54:23 +0000 2022,"@HowtoPulse Can't wait to have all my #NFTs doubled on #PulseChain. Pulse is x4 faster than #Ethereum and the fees are a fraction of a fraction of a penny. It didn't launch yet, launching soon, get ready and all your #NFT and #ERC20  in your decentralised wallet though.",1,8,MarcoMerola1991,62,1519797200368324613
322,Thu Apr 28 21:54:19 +0000 2022,@ape_g4ng I'm logging into the nft platform with 21 different characters!  If you want to see my gangsta gang please follow!  #Metaverse #NF #nftart #NFTGiveaways #Crypto #Etherum #ETH #nftcollector #nftnews #EthereumClassic #NFTCommmunity #Nftwhitelist #tezos,0,0,metaoctopusnft,24,1519797181397544961
323,Thu Apr 28 21:54:19 +0000 2022,@stylesttv This is awesome #Bitcoin #Ethereum #NFT,0,2,StylesTheAlt,131,1519797180927729664
324,Thu Apr 28 21:54:17 +0000 2022,Love to see lots of eth handles rocking sol pfps 🫶 #sol #eth,0,2,niconic_sol,1064,1519797173340315649
325,Thu Apr 28 21:54:14 +0000 2022,Slow 20 | Normal 30 | Fast 44 | Instant 55.4 👈 current Ethereum gas prices in gwei. DM me a price and I will DM you as soon as gas drops below that price 👍 #Ethereum #GasPrice #ETHGasPrice #ETH,0,0,ETHGasPriceBot,1164,1519797163269804033
326,Thu Apr 28 21:54:01 +0000 2022,"@HowtoPulse @RichardHeartWin Double your coins on a brand new #Ethereum fork, with lower fees, less energy usage and higher throughput - #pulsechain, brought to you by 
@RichardHeartWin

#FLOKI  #cryptocurrency #LUNA #AVAX #Matic #LINK #ZRX #UNI #FTX #BTT #link #bch #uni #leo #ftt #ape #xlm #algo #xmr",0,1,pulsemeister1,115,1519797106424221696
327,Thu Apr 28 21:53:10 +0000 2022,"@NFT_Glitcha @nftrobor We are working on making a game and animation of a character from our gangsta gang. If you are wondering, please stay tuned 🫣🤩🥳 #Metaverse #NF #nftart #NFTGiveaways #Crypto #Etherum #ETH #nftcollector #nftnews #EthereumClassic #NFTCommmunity #Nftwhitelist #tezos",0,0,metaoctopusnft,24,1519796894934962181
328,Thu Apr 28 21:52:38 +0000 2022,"@mosayeri @Melt_Dem @ErikVoorhees $ETC is based on the same protocol as $ETH, 
In theory relatively straight forward to port apps from #Ethereum to #EthereumClassic",0,0,cosmosquark,256,1519796760671096837
329,Thu Apr 28 21:52:37 +0000 2022,"What is your favorite L2 solution and why? 

#Ethereum #Syscoin #Layer2 #Metis #Optimism #Arbitrum #zeroknowledge",1,1,BlockchainDan,9109,1519796754119593986
330,Thu Apr 28 21:52:19 +0000 2022,"All the people of the world should know about Metaverse! We should all be confident about the future of Metaverse! Science is developing and advancing! Do not lag behind the science of tomorrow 🙂🫶🏻

#Metaverse #NFT #ElonMusk #web3 $MB
#BTC #BNB #Binance #Ethereum",1,3,MetaBravee,60,1519796680425672704
331,Thu Apr 28 21:52:14 +0000 2022,Slow 20 | Normal 22 | Fast 54.2 | Instant 66.8 👈 current Ethereum gas prices in gwei. DM me a price and I will DM you as soon as gas drops below that price 👍 #Ethereum #GasPrice #ETHGasPrice #ETH,0,0,ETHGasPriceBot,1164,1519796657419956226
332,Thu Apr 28 21:52:07 +0000 2022,Any new #NFT #play2earn games coming up that look interesting and that might have great potential?🤔💭#NFT #ETH #NFTCommmunity…,0,2,LenaFielding,14,1519796630328909824
333,Thu Apr 28 21:51:51 +0000 2022,"@solarrxyz The project is implemented professionally and has a clear development plan. Made by a very professional and experienced team. Without doubt, this is one of the best project.
#airdropalert #eth #crypto #cryptonews #nft #giveaway #bounty #hodl",0,0,penghuni13,61,1519796559994445824
334,Thu Apr 28 21:51:18 +0000 2022,"@solarrxyz Lets do it $SOLARR

#Solarr #airdrop
#airdropalert #eth #crypto #cryptonews #nft #giveaway #bounty #hodl",0,0,szarabajka12,51,1519796422932979712
335,Thu Apr 28 21:51:15 +0000 2022,"Banned from Loopring Reddit and Discord for discussing the fail price action, the coin is currently untradeable for anything other than a small gain OR substantial loss, not to mention their marketing needs a lot of work. Definite cult !!! #loopring #ethereum $LRC #LRC #poocoin",0,2,mulska91,6,1519796411071533056
336,Thu Apr 28 21:51:00 +0000 2022,Requesting #fDAI on the @fluiditymoney #ethereum faucet! 054f8149e4f5d649a4eb6014d0b8751e #fluiditymoney,0,0,Crypto_junke,654,1519796349675393026
337,Thu Apr 28 21:50:53 +0000 2022,"#Bitgertarmy 

#KuCoin list #Brise but there are many more good news about to drop🔥🔥🚀

Hold tight and follow @bitgertPro to remain connected to your news 🔥 

#Brise #BRC20 #Bitgert #BTC #BNB #ETH #FTM #LINK #LUNA #CRO #xrp #dogecoin #KuCoin #HuobiGlobal #altcoins #ADA #AVAX",42,111,bitgertPro,10666,1519796319518343168
338,Thu Apr 28 21:50:45 +0000 2022,"🔔Price updates for different #crypto assets that get price predictions on 🦥SlothTrading:

#ETH: $2,925.03
#DOT: $16.99
#SOL: $97.83
#LUNA: $88.29
#XRP: $0.6432
#AVAX: $67.27

💥New predictions every hour",0,0,SlothTradingBot,16,1519796284969914369
339,Thu Apr 28 21:50:43 +0000 2022,"$LTO  #LTO GO 5$🚀🚀🚀😎
Has 100x boost potential!
1-  WEB3.0✅
2 - NFT 2.0✅
3-  METAVERSE✅
4 - Casino Services✅
5 - DAO Maker✅
6-  DeFi✅
7-  New Tokenomics %15 APY✅
8 - Privacy Oriented ✅
And more😎
#Bitcoin #ETH $xrp $SLP $SOL $Btc #Gtm #APE",0,40,Cansever7S,325,1519796275612463105
340,Thu Apr 28 21:50:20 +0000 2022,"""You have to say, 'Well, why did it #succeed where others did not?’” -SEMANES
#SEMANES200302161423121413811127
#blockchain #cryptocurrecy #Crypto #Bitcoin #BTC #ETH #Ethereum #Binance #BNB #metaverses #Web3 #DeFi #NFT #NFTs #NFTCommuntiy #NFTGiveaway #NFTartist #nftart #success",0,2,SEMANESSEMANES,129,1519796180468879361
341,Thu Apr 28 21:50:13 +0000 2022,Slow 20 | Normal 25 | Fast 47 | Instant 64.3 👈 current Ethereum gas prices in gwei. DM me a price and I will DM you as soon as gas drops below that price 👍 #Ethereum #GasPrice #ETHGasPrice #ETH,0,0,ETHGasPriceBot,1164,1519796152182452224
342,Thu Apr 28 21:50:09 +0000 2022,Requesting #fUSDC on the @fluiditymoney #ethereum faucet! 054f8149e4f5d649a4eb6014d0b8751e #fluiditymoney,0,0,Crypto_junke,654,1519796134696439808
343,Thu Apr 28 21:50:06 +0000 2022,"@solarrxyz 📝 :
I wish your project a much better future.  I hope your team succeeds. 🥰🥰

👥 :
@Fandisoraja @masud6247 @BlogNajmul @GAHOfficial_TW @masud888 

🏷️ : 
#airdropalert #eth #crypto #cryptonews #nft #giveaway #bounty #hodl",0,1,NasirAhmedNoel1,138,1519796119907495936
344,Thu Apr 28 21:50:01 +0000 2022,"@Ralvero Buy @CryptoArt_Ai  $CART

$CART is here to stay.

#CryptoartAi #BSC $CART #ETH",0,0,TY_Billions,2825,1519796102685499392
345,Thu Apr 28 21:49:54 +0000 2022,@randy_gpt omg beautiful arts. and u fightin against grey #ETH but the lowest price. you will sell it soon. I like universe 1. it looks like colorful vegitables also.🥬🥕🌽,0,1,Hunger_Hunterz,1214,1519796070976393217
346,Thu Apr 28 21:49:48 +0000 2022,"ETH VS POLYGON. Obviously Eth is the go to, but with the current gas fees along with the time it takes to process, I can see Polygon becoming used more and more. Thoughts?

#nft #NFTCommunity #nftquestions #NFTdrop #nfts #Ethereum #Polygon",0,6,EliteNFTGroup,1313,1519796046553141250
347,Thu Apr 28 21:49:46 +0000 2022,"@HowtoPulse @RichardHeartWin Oh!! We love to see it! Can't wait to not have to worry about transaction fees. Thank you @PulsechainCom, @RichardHeartWin and Devs for freeing us from the inefficiencies of #Ethereum",1,2,clubhexico2036,67,1519796038747533312
348,Thu Apr 28 21:49:14 +0000 2022,"@HowtoPulse @RichardHeartWin @Uniswap @nftonpulse #PulseChain is gonna double all my #ERC20 tokens on #Ethereum. Just Massive! Also it's deflationary, without admin keys so it's trustless, without middleman or counterparty risk, as true #DeFi should be. Fees will be a fraction of a fraction of a penny, x4 faster than #ETH too.",1,2,MarcoMerola1991,62,1519795903548301312
349,Thu Apr 28 21:48:52 +0000 2022,❤️@BombCryptoGame❤️💵 don't miss it you will regret it 🔥🔥🔥 #Bcoin 🚀🚀 Very soon Big ATH #BinanceSmartChain #CoinMarketCap #BSC #PancakeSwap #crypto #cryptotrading #cryptocurrency #CryptoNews #Bitcoin      #SHIB #MetaMask #blockchain #shiba #Pumping #pump #Ethereum #ElonMusk,0,1,Umutbasa34,20,1519795811340759040
350,Thu Apr 28 21:48:37 +0000 2022,"Who else is excited when #ETH is in the red on payday?

#cryptocurrency #Cryptos #BITCOIN #SHIB #SaitamaWolfPack #NFTs #nftcollectors",1,4,Anvil001,67,1519795747339661313
351,Thu Apr 28 21:48:33 +0000 2022,"@workingbnb  I wanted to let you know that we are developing an online #multiplayer #game where you can earn #crypto. 

BETA: mid July 
Join us on Discord and become an early adopter
follow us on twitter

#p2egaming #GameFi #ETH #cryptocurrency #cryptocurrencies #blockchain",0,1,Gametokentech,2375,1519795730038276099
352,Thu Apr 28 21:48:31 +0000 2022,"@AltcoinGordon ElonTwitterino ($ETINO) @ETw1tterino just started. Be one of the first holders and wait for x100 🚀🚀🚀🚀💥💥💥
#bnb #Binance #ElonMusk #Tokenomics #tokens #cryptocurrency #pankcakeswap #ToTheMoon #Bitcoin #shiba #SHIB #dogecoin #Ethereum #memecoin #MemeTech",0,0,Piotrcrypto1,2,1519795722949992451
353,Thu Apr 28 21:48:29 +0000 2022,@Khushboo_84 @New_Hd_Video #ferguso $fergh #nft #nfts #nftart #nftartist #nftcommunity #btc #ETHEREUM,1,6,ridwanferguso,560,1519795715047710720
354,Thu Apr 28 21:48:23 +0000 2022,All your #Eth are belong to us.  #Solana @IMSO_Game,0,2,KobiashiNFT,292,1519795690746097664
355,Thu Apr 28 21:48:20 +0000 2022,🪙 WomenKids Inu 🪙 🚨$WIK Giveaway🚨WIKworldFor a chance to win $500 in #Ethereum☑️ Like This tweet☑️ Retweet☑️ Bu…,0,0,RobertMalthus4,12,1519795678632988676
356,Thu Apr 28 21:48:17 +0000 2022,"@SquadXClub Very valuable and excellent project I hope it is as successful as you expect it to be and I am proud to do so in your project Come join my friends project
#bsc #ETH #Crypto #Airdrops #Airdrop
0x979d04D1b6c067a1373506fD249aF386e6c8641A
@Mamad__88 
@AliAmirian7 
@MinavandRasoul",0,0,Mohamma87596761,69,1519795662753251331
357,Thu Apr 28 21:48:12 +0000 2022,"@shibainuart @WatcherGuru ElonTwitterino ($ETINO) @ETw1tterino just started. Be one of the first holders and wait for x100 🚀🚀🚀🚀💥💥💥
#bnb #Binance #ElonMusk #Tokenomics #tokens #cryptocurrency #pankcakeswap #ToTheMoon #Bitcoin #shiba #SHIB #dogecoin #Ethereum #memecoin #MemeTech",0,0,Piotrcrypto1,2,1519795645233700864
358,Thu Apr 28 21:48:11 +0000 2022,Slow 20 | Normal 23 | Fast 48.7 | Instant 58 👈 current Ethereum gas prices in gwei. DM me a price and I will DM you as soon as gas drops below that price 👍 #Ethereum #GasPrice #ETHGasPrice #ETH,0,0,ETHGasPriceBot,1164,1519795639269437447
359,Thu Apr 28 21:48:03 +0000 2022,ETH Gas is now valued at 50! #ETH #gwei #GasAlert $ETH || ID: 1651182483.3537917,0,0,CryptoPingBOT,55,1519795605400399874
360,Thu Apr 28 21:47:45 +0000 2022,@SabianNFT Wooooow is the best 💯l Love you   0x8fbF76cA3c180b5370e048dC11cDfC84D7AbBcb1  #cryptocurrecy #BTC #Ethereum #shiba #Dog #SOL #BNB #BSC #NFTCollection #Giveaway,0,0,Avacrypt0,202,1519795530355904512
361,Thu Apr 28 21:47:41 +0000 2022,"@cryptogems555 Huge pump coming to @CryptoArt_Ai $CART

#CryptoartAi #BSC $CART #ETH",0,0,TY_Billions,2825,1519795512941154306
362,Thu Apr 28 21:47:33 +0000 2022,"@VerfiedAirdrop Very good Project
#Clockx24 #UTK #Ethereum
@Im_mas00m 
@am56_ba 
@_im_BaRaN",0,0,REZA2230,96,1519795478912638976
363,Thu Apr 28 21:47:29 +0000 2022,"It’s launched! The #ETH staking protocol @StakeBull launched earlier!
The now have #BNB, #MATIC, #FTM,  #ETH and #ONE staking options!
#Crypto #DeFi #Staking #Passiveincome #profit #BakedBeansMiner #Web3 #NFTCommunity #BTC #Yieldfarm #DApp",2,1,LogicalYields,28,1519795462412414976
364,Thu Apr 28 21:47:04 +0000 2022,"@solarrxyz this amazing project will burning the future. brilliant business of genius brain passion with hype technology energy. excellent step on big way to the moon
@admodjoe @adyaan_18 @SultonFS 
#airdropalert #eth #crypto #cryptonews #nft #giveaway #bounty #hodl",0,0,wil_dan45,119,1519795358628745218
365,Thu Apr 28 21:46:53 +0000 2022,"@SabianNFT How does it feel like to have 1k$ #ETH in my wallet, I wonder 🤔🤔",0,0,Mad___Titan,21,1519795312348606466
366,Thu Apr 28 21:46:49 +0000 2022,"@HowtoPulse @niftyworld @sad_girls_bar @BossBeautiesNFT What is huge is that #PulseChain will copy the entire system and tokens / projects of #Ethereum, so all the projects that died from #ETH fees, can revive and succeed!!!",0,2,MarcoMerola1991,62,1519795293973368833
367,Thu Apr 28 21:46:44 +0000 2022,"@GoldBringer007 $kinder is a true gem. Easy #1000Xgems. Love the 5% USDT passive income best time to accumulate is now before cmc listing @KinderInu #KINDERINU 

#BSC #BSCGems #BSCGemAlert #SHIB #memecoins #BTC #ETH #MATIC #LUNA $KIBA #BinanceSmartChain",0,3,BrianCrypto05,452,1519795275249946626
368,Thu Apr 28 21:46:42 +0000 2022,"Network Status: Online

ΞETH Net Load: 🔲🔲🔲🔳🔳🔳 : ✅

⛏ Block Price: 57 Gwei

📈 $ 2,930.30: bearish 🐻
#eth #gas #price",0,0,open__os,22,1519795268086112257
369,Thu Apr 28 21:46:42 +0000 2022,@HowtoPulse @RichardHeartWin #ETH gas fees certainly do suck big donkey balls! Luckily #PulseChain will fix this for all of us. No one is excluded.,0,4,clubhexico2036,67,1519795264424452097
370,Thu Apr 28 21:46:41 +0000 2022,"Top 5 #crypto prices with 24h change:

#BTC #ETH #BNB #SOL #XRP 

🟢 $BTC $39827.04 (1.48%)
🟢 $ETH $2928.37 (1.23%)
🟢 $BNB $405.7 (3.84%)
🔴 $SOL $97.91 (-0.71%)
🔴 $XRP $0.6437 (-0.95%)

Do you #hodl any of these coins?",0,0,crypto_whispers,3346,1519795261786238977
371,Thu Apr 28 21:46:36 +0000 2022,@Kajal41908220 @SPu55y @_NanTara70 #ferguso $fergh #nft #nfts #nftart #nftartist #nftcommunity #btc #ETHEREUM,0,0,ridwanferguso,560,1519795239082348544
372,Thu Apr 28 21:46:30 +0000 2022,"What’s worse the #nft “slow” #rug or just the rug and run?
The #NFTCommunity needs to fight back it’s a cash… well #eth grab but it’s also robbery. #shame.",1,5,nwavant,324,1519795215392919553
373,Thu Apr 28 21:46:11 +0000 2022,@elonmusk Can we please buy Twitter Blue with Crypto? #BTC #ETH #doge,0,0,AngusKingLife,8,1519795135990673415
374,Thu Apr 28 21:46:06 +0000 2022,Slow 20 | Normal 22 | Fast 51.4 | Instant 68.8 👈 current Ethereum gas prices in gwei. DM me a price and I will DM you as soon as gas drops below that price 👍 #Ethereum #GasPrice #ETHGasPrice #ETH,0,0,ETHGasPriceBot,1164,1519795115019190272
375,Thu Apr 28 21:45:46 +0000 2022,"@legend1ETH @HuobiGlobal Thank's for the Opportunity Sir.
Best Of Luck
@Aergulbeyza 
@dajackh27 
@Asyhe907 
#Giveaway #Huobi #ETH",0,0,Aurelyys,310,1519795029887561729
376,Thu Apr 28 21:45:09 +0000 2022,Just staked all my #Bitcoin and #Ethereum !🫰🏼#Crypto #cryptocurrecy #inflation,0,0,keppel_tina,8,1519794874920448001
377,Thu Apr 28 21:45:02 +0000 2022,"#erc20gas #ETH #crypto 
⛽️Auto 15Min ETH Gas Tracking⛽️

GWEI:
Low: 56 gwei
Avg: 56 gwei
High: 57 gwei

Opensea: Sale
Low: $33.17
Avg: $33.17
High: $33.76

Uniswap V3: Swap
Low: $30.25
Avg: $30.25
High: $30.79

USDT: Transfer
Low: $8.87
Avg: $8.87
High: $9.03",0,0,Erc20Gas,657,1519794848622120961
378,Thu Apr 28 21:44:53 +0000 2022,"@MatchasmMatt $TSLA and crypto — #Bitcoin, #Ethereum — the two disruptive plays of the decade. Massive compound growth ahead.",0,0,lonelywithout9,24,1519794809862508545
379,Thu Apr 28 21:44:51 +0000 2022,@HowtoPulse @RichardHeartWin The #BTC and #ETH narratives will be replicated by $PLS and $PLSX,0,1,truestory010,31,1519794798773039104
380,Thu Apr 28 21:44:38 +0000 2022,"@ThomazzFrank Impressive purchase.

Also check out the @CryptoArt_Ai Marketplace for cool NFTs.

#CryptoartAi #BSC $CART #ETH",0,0,TY_Billions,2825,1519794747216478208
381,Thu Apr 28 21:44:32 +0000 2022,@artzarn @RiiixEth @ColliderCraft @FactionChosen Love this one! #collidercraftwork #chosenfaction #chosen #eth #nft #NFTCommunitys,1,4,D3NxRafikiNft,553,1519794719248822272
382,Thu Apr 28 21:44:30 +0000 2022,"@Aston_Tan @TerraBSchecker How do we move forward in #Terra as to avoid insider trading alpha that happens so much in #eth NGT projects? Transparency &amp; disclosure by @luart_io , team members, and the #nft projects who seek their professional advice.",0,1,frahmans,167,1519794712366153728
383,Thu Apr 28 21:44:24 +0000 2022,"We manipulate the market price of Cryptocurrency  
We swap cryptocurrency at a ratio of 1:1.1~3 or more
For example, Giving $100 worth of #btc , Immediately exchanging it for $110-120 worth of #Eth
telegram: @exc00
Grab a chance
#BTC #XRP #ADA #LUNA",0,0,rete23142,1,1519794685610397696
384,Thu Apr 28 21:44:19 +0000 2022,"""Constantly think about how you could be doing things better and questioning yourself"" —SEMANES
#SEMANES200302161423121413811127
#blockchain #cryptocurrecy #Crypto #Bitcoin #BTC #ETH #Ethereum #Binance #BNB #NFT #NFTs #nftart #NFTartist #NFTGiveaway #NFTCommuntiy #Web3 #DeFi #APE",0,2,SEMANESSEMANES,129,1519794668120289281
385,Thu Apr 28 21:44:08 +0000 2022,"#solana network is still down, since the morning. I have #eth in my metamask... any way to convert it to $SOL with a click?",0,8,Zaeemhum_kulhum,172,1519794620531720193
386,Thu Apr 28 21:44:06 +0000 2022,@GalaxyToken_GAL #GAL  go to the moon        #Bitcoin #Ethereum #BNB #ETH #DOT #MANA #SHIB #XRP #DOGE #BABYDOGE #Saitama #ADA #SOL #FTM #MATIC #HERO #SAND #WHEX #Safemoon #AVAX #BTC #LOOKS #NFTS #MTV #FTM #Altcoins #APE #APECOIN #NEWINU #TWT #VRA #FLOKI  0x887911ed1b79b57d9fb83ca60de18a50c1a26f9c,0,0,SUHARTO23755897,873,1519794609752215552
387,Thu Apr 28 21:44:05 +0000 2022,Slow 20 | Normal 22 | Fast 60.8 | Instant 69 👈 current Ethereum gas prices in gwei. DM me a price and I will DM you as soon as gas drops below that price 👍 #Ethereum #GasPrice #ETHGasPrice #ETH,0,0,ETHGasPriceBot,1164,1519794607709642753
388,Thu Apr 28 21:43:56 +0000 2022,"@nftsonsolana What are your criteria for choosing the best community?

For me, I think @syscoin is one of the best communities.

@syscoin is a platform that offers scalability and security with the best of #bitcoin and #Ethereum.",0,0,CharlesR201,61,1519794571084972032
389,Thu Apr 28 21:43:17 +0000 2022,"@crypto_kreation @CryptoArt_Ai has a lineup of interesting works on its NFT Marketplace. 

You can buy some really cool NFTs.

#CryptoartAi #BSC $CART #ETH",0,1,TY_Billions,2825,1519794406034919424
390,Thu Apr 28 21:43:08 +0000 2022,"Please tell me why do you wait someone to accept your 0.66 ETH offer, when you can offer 1-2 ETH and a lot of people gonna sell(not me), and you'll get what you want. It will cost you 20 ETH in a coming weeks.

#9999club #nft #opensea #BAYC #eth #crypto #hodl #btc #bitcoin #ens",0,2,SpiritofEcstas3,131,1519794369041215491
391,Thu Apr 28 21:43:05 +0000 2022,@MetaDogRacing @metaraceworld @Uniswap Awesome. Can’t wait. Congrats everyone involved for making it happen. Year of the $DOG$. @metaraceworld #NFT #BSC ##ETH #P2E,1,6,p2e_grandma,65,1519794353845145600
392,Thu Apr 28 21:42:57 +0000 2022,"Gas used in currently pending transactions:

🚀 15 seconds &gt;&gt;&gt;&gt; 95 Gwei
🚗 1 minute  &gt;&gt;&gt;&gt;&gt; 76 Gwei
🐌 3 minutes &gt;&gt;&gt;&gt;&gt; 63 Gwei
🦥 &gt;10 minutes &gt;&gt;&gt; 56 Gwei

#Ethereum #ETH #GasPrice",0,0,ETHgas,3250,1519794320433455104
393,Thu Apr 28 21:42:48 +0000 2022,"It's made by a very professional and experienced team. Without any doubt, this is one of the best project. #DeFi #ethax #ethaxcrypto #ethaxtoken #DEX #cryptocurrency #Ethereum #BinanceSmartChain #Bitcoin",0,0,liza_btc,861,1519794286237261824
394,Thu Apr 28 21:42:41 +0000 2022,"@AkiliaP1  Get the chance to be a BETA tester in our online multiplayer game and even earn #crypto.

BETA: mid July 
Join us on Discord and become an early adopter
follow us on twitter

#p2egaming #GameFi #ETH #cryptocurrency #cryptocurrencies #blockchain",0,0,Gametokentech,2375,1519794255962726405
395,Thu Apr 28 21:42:23 +0000 2022,"0x5682035cb08f8e7ff3ce209f8dec0e6477164a40

Experiment: I would like to get any #NFT from any person and see how much goodness they have.
#NFTGiveaway #NFTCommunity #NFTProject #NFTcollections #NFTs #doge #dogecoin #eth #dogearmy #potm #bayc #Azuki #ZAPES #ToonSquadNFT #moonbirds",1,5,SIRGameOver,430,1519794179240562689
396,Thu Apr 28 21:42:06 +0000 2022,"You just received 2042 in $APE

2042 in $APE to the first 7000 people who follows and retweets this and pinned 

 Drop your $bnb wallet address
(Trust Wallet/Meta  )

#ape #bnb #btc #trx #busd #ETH 
#BNB #BSC #NFT #BTC #ETH #cryptocurrency #Web3 
#bsc #Safuu",1,0,Fenzy_billions1,107,1519794108801466368
397,Thu Apr 28 21:42:04 +0000 2022,Slow 20 | Normal 23.2 | Fast 65.5 | Instant 76 👈 current Ethereum gas prices in gwei. DM me a price and I will DM you as soon as gas drops below that price 👍 #Ethereum #GasPrice #ETHGasPrice #ETH,0,0,ETHGasPriceBot,1164,1519794100626677761
398,Thu Apr 28 21:41:57 +0000 2022,"#Bitcoin 40,300 sellers strong, bears crushing bulls again. Other cryptocurrencies are completely under bears control..
#Btc #Eth #Avax #Sc #Doge #Shib #Bch #Bnb #Eps #Algo #Thate #Mana #People #Sand #Aion #Slp #Sparta #Floki #Ada #Kp3R
#Binance #Gateio #CoinMarketCap",0,1,Sbtd_akigo,15293,1519794070851399680
399,Thu Apr 28 21:41:36 +0000 2022,@kriptokoin $LTO #lto coming soon $5 #Bitcoin #ETH $xrp $SLP $SOL $Btc,0,0,EGunduz10,57,1519793981856620553
400,Thu Apr 28 21:41:36 +0000 2022,@kriptokoin $LTO #LTO GO 5$🚀🚀🚀😎Has 100x boost potential! #Bitcoin #ETH $xrp $SLP $SOL $Btc #Gtm #APE,0,0,Selen_6135,63,1519793981646852099
401,Thu Apr 28 21:41:26 +0000 2022,@kriptokoin $LTO 🚀🚀🚀🚀😎😎😎😎 #Bitcoin #ETH $xrp $SLP $SOL $Btc #lto,0,1,escaustria,64,1519793938726543361
402,Thu Apr 28 21:41:25 +0000 2022,@kriptokoin $LTO 1$ 🚀🚀🚀#Bitcoin #ETH $xrp $SLP $SOL $Btc,0,0,nofayg34,10,1519793938479132675
403,Thu Apr 28 21:41:24 +0000 2022,@kriptokoin $Lto 🚀🚀🚀😎#Bitcoin #ETH $xrp $SLP $SOL $Btc #Lto,0,1,serkan_abdioglu,143,1519793932015751168
404,Thu Apr 28 21:41:14 +0000 2022,Requesting faucet funds into 0x06a990d250b889c838dAc4bEE075c67374647013 on the #Rinkeby #Ethereum test network.,0,0,ashleythefroyo,12,1519793890169167872
405,Thu Apr 28 21:40:59 +0000 2022,@TheRealKongMan @fyatlux @bedsidecinema #FREEKONGMAN KONGMAN FUCKs DAds #dad #FreedomDay #FreeSpeech #NFTCommunity #ETH #KongisKong,0,2,DegenRenCrypto,19032,1519793825660628992
406,Thu Apr 28 21:40:45 +0000 2022,@EylemCulculoglu $LTO  #LTO GO 5$🚀🚀🚀😎Has 100x boost potential! #Bitcoin #ETH $xrp $SLP $SOL $Btc #Gtm #APE,0,0,vedataras358,45,1519793768504991747
407,Thu Apr 28 21:40:45 +0000 2022,"🔔Price updates for different #crypto assets that get price predictions on 🦥SlothTrading:

#ETH: $2,931.26
#DOT: $17.00
#SOL: $97.80
#LUNA: $88.28
#XRP: $0.6434
#AVAX: $67.21

💥New predictions every hour",0,0,SlothTradingBot,16,1519793767972278273
408,Thu Apr 28 21:40:43 +0000 2022,@EylemCulculoglu $LTO 🚀🚀🚀🚀😎😎😎😎 #Bitcoin #ETH $xrp $SLP $SOL $Btc #lto,0,0,escaustria,64,1519793762310012930
409,Thu Apr 28 21:40:42 +0000 2022,@EylemCulculoglu $LTO #lto coming soon $5 #Bitcoin #ETH $xrp $SLP $SOL $Btc,0,0,turkaycnn,54,1519793758031781889
410,Thu Apr 28 21:40:41 +0000 2022,@EylemCulculoglu $Lto 🚀🚀🚀😎#Bitcoin #ETH $xrp $SLP $SOL $Btc #Lto,0,1,gul_ben_43,56,1519793751954186241
411,Thu Apr 28 21:40:40 +0000 2022,@EylemCulculoglu $LTO 1$ 🚀🚀🚀#Bitcoin #ETH $xrp $SLP $SOL $Btc,0,1,efeeecanxx,136,1519793748020023297
412,Thu Apr 28 21:40:37 +0000 2022,@KriptoCananTr $LTO #LTO GO 5$🚀🚀🚀😎Has 100x boost potential! #Bitcoin #ETH $xrp $SLP $SOL $Btc #Gtm #APE,0,0,sencer_tugrul,0,1519793736670142467
413,Thu Apr 28 21:40:37 +0000 2022,"Each day of this weekend I’m changing a followers life with $1000 #ETH Each.

I’m fortunate to be in a position where I’m able to do this, giving back to my amazing community is what makes me happy, I want to see everyone winning.",288,568,SabianNFT,53167,1519793735302791171
414,Thu Apr 28 21:40:33 +0000 2022,"@EthaxCrypto This behind the project is working really hard and they are doing tremendous job to get this project successful, new product out and getting much popular peoples like it
#DeFi #ethax #ethaxcrypto #ethaxtoken #DEX #cryptocurrency #Ethereum #BinanceSmartChain #Bitcoin",0,1,Shihab40577213,3613,1519793716554530816
415,Thu Apr 28 21:40:16 +0000 2022,@LexiAddam #ferguso $fergh #nft #nfts #nftart #nftartist #nftcommunity #btc #ETHEREUM,0,4,ridwanferguso,560,1519793648174440448
416,Thu Apr 28 21:40:10 +0000 2022,"Just a reminder. @micrographs_io is just BEGINNING on #ETH and $SOL 

I can’t stand ETH but I understand what is coming. This is just the start. 

#XRPL $XRP",1,12,XRPjenna,24970,1519793622715092993
417,Thu Apr 28 21:40:05 +0000 2022,"In case you haven't heard the buzz, @ShapeDaoETH is releasing an absolutely massive announcement tonight. This project is here to stay and WILL be taking over. Just WATCH!👀
💎🚀🌙#ShapeDao #ShapeDao $SHAPE 🌙🚀💎

Come join the Winning Team! LFG!!!

💎#ETH #BTC #ADA #APE 🚀",1,1,shibnobiblaze,953,1519793601919676416
418,Thu Apr 28 21:39:50 +0000 2022,Slow 20 | Normal 22.2 | Fast 59 | Instant 82 👈 current Ethereum gas prices in gwei. DM me a price and I will DM you as soon as gas drops below that price 👍 #Ethereum #GasPrice #ETHGasPrice #ETH,0,0,ETHGasPriceBot,1164,1519793536287350784
419,Thu Apr 28 21:39:48 +0000 2022,@kevinolearytv just invested in @beanstox ! Any plans to incorporate crypto into the app? It would be great to see staples like #bitcoin and #ETH along with meme coins #doge #SHIB #Croge be incorporated as well!,0,3,frank__murray,119,1519793529920364556
420,Thu Apr 28 21:39:36 +0000 2022,@KriptoCananTr $LTO 🚀🚀🚀🚀😎😎😎😎 #Bitcoin #ETH $xrp $SLP $SOL $Btc #lto,0,0,Selen_6135,63,1519793481019006976
421,Thu Apr 28 21:39:36 +0000 2022,ApeCoin (APE) went up 10.0 percent in the last 30 minutes on Binance. #APE  #crypto #bitcoin #cryptocurrency #btc #ethereum #blockchain #eth #trading #altcoin #binance #cryptonews,0,0,cryptoalerted,84,1519793479802667013
422,Thu Apr 28 21:39:31 +0000 2022,@KriptoCananTr $LTO #lto coming soon $5 #Bitcoin #ETH $xrp $SLP $SOL $Btc,0,0,Yavuzz2554,51,1519793456469659655
423,Thu Apr 28 21:39:30 +0000 2022,"@BSCGemsAlert 🔥 #SanjiInu 🔥
🔥 #LBank 🔥

💥 KYC, CHARITY, NFT AND GAME
👑 ""Charity token

🔥#SanjiİnuCoin 🔥 
🔥#sanjiinu 🔥
🔥#sanji 🔥
🔥#SanjiİnuBarackObama 🔥
🔥#BarackObama 🔥
🔥#nft #memecoin 🔥
🔥#Metaverse #Gem 🔥
🔥#bnb #btc #eth 🔥",0,0,rohallah1359h,81,1519793453571444736
424,Thu Apr 28 21:39:28 +0000 2022,@KriptoCananTr $LTO 1$ 🚀🚀🚀#Bitcoin #ETH $xrp $SLP $SOL $Btc,0,0,Deniz04471402,5,1519793447347048451
425,Thu Apr 28 21:39:28 +0000 2022,@KriptoCananTr $Lto 🚀🚀🚀😎#Bitcoin #ETH $xrp $SLP $SOL $Btc #Lto,0,0,BraKaya11801670,17,1519793446403330051
426,Thu Apr 28 21:39:23 +0000 2022,"@Block__CK Very valuable and excellent project I hope it is as successful as you expect it to be and I am proud to do so in your project Come join my friends project
#bsc #ETH #Crypto #Airdrops #Airdrop
0x979d04D1b6c067a1373506fD249aF386e6c8641A
@Mamad__88 
@AliAmirian7 
@MinavandRasoul",0,0,Mohamma87596761,69,1519793424915963905
427,Thu Apr 28 21:39:21 +0000 2022,@Kriptoburaks $LTO 1$ 🚀🚀🚀#Bitcoin #ETH $xrp $SLP $SOL $Btc,0,0,AliCck79243560,24,1519793416741310464
428,Thu Apr 28 21:39:19 +0000 2022,@Kriptoburaks $LTO #LTO GO 5$🚀🚀🚀😎Has 100x boost potential! #Bitcoin #ETH $xrp $SLP $SOL $Btc #Gtm #APE,0,0,efeeecanxx,136,1519793408923119617
429,Thu Apr 28 21:39:13 +0000 2022,@Kriptoburaks $LTO #lto coming soon $5 #Bitcoin #ETH $xrp $SLP $SOL $Btc,0,0,martimur,318,1519793383031676928
430,Thu Apr 28 21:39:08 +0000 2022,@Kriptoburaks $LTO 🚀🚀🚀🚀😎😎😎😎 #Bitcoin #ETH $xrp $SLP $SOL $Btc #lto,0,0,Anlen94216724,58,1519793363238764547
431,Thu Apr 28 21:39:08 +0000 2022,@Kriptoburaks $Lto 🚀🚀🚀😎#Bitcoin #ETH $xrp $SLP $SOL $Btc #Lto,0,0,serkan_abdioglu,143,1519793361821044738
432,Thu Apr 28 21:38:14 +0000 2022,People who are taking part in the pump. Note we do not give any financial advice. Coin will be announced on telegram. Link in description. #cryptopump #btc #coinpump #USDT #BNBcoins #Eth #BNBarmy,0,0,pump_cryptos,1050,1519793135261470725
433,Thu Apr 28 21:38:02 +0000 2022,ETH Gas is now valued at 74! #ETH #gwei #GasAlert $ETH || ID: 1651181882.79759,0,0,CryptoPingBOT,55,1519793086527950849
434,Thu Apr 28 21:37:43 +0000 2022,"@Kikatzu #PulseChain is the future of #CRYPTOCURRENCY  and #DeFi  and it's launching very soon. It could be one of the best #blockchain in a few years. Also, it will double all of your tokens #ERC20 on #Ethereum. DYOR and don't miss out this life changing opportunity!",0,1,MarcoMerola1991,62,1519793003610660865
435,Thu Apr 28 21:37:32 +0000 2022,Requesting #fUSDC on the @fluiditymoney #ethereum faucet! 21c70f1a64df1e8af705694f8449e90c #fluiditymoney,0,0,kevinl8277,734,1519792957347540994
436,Thu Apr 28 21:37:28 +0000 2022,Watching everyone make all this money off numbers and all bayc people going crazy today must be nice congrats to all of ya my bags just going down but I'm use to it congrats ya 🙌 #NFTCommumity #NFTcollections #ENS #ensdomains #bayc #eth,0,4,cryptonick2323,1086,1519792940582723585
437,Thu Apr 28 21:37:18 +0000 2022,"Q2-2022
✓ Smart Contract build
    Token Launch
✓ Web site and Social Media Launch
✓ KYC and Audit
✓ White Paper
    BSCScan info update
#followback #FGW #FunnyGameWorld #crypto #bitcoin #cryptocurrency #blockchain #bounty #binance #eth #token #coinsbit",0,0,MrSpasybo,4765,1519792901210877953
438,Thu Apr 28 21:37:18 +0000 2022,@akidcalledbeast @Rafsby forever bullish on #ETH @JiangTera10 @jiims 🚀🚀🚀,0,0,mofabulouss,357,1519792900582027264
439,Thu Apr 28 21:37:02 +0000 2022,Slow 20 | Normal 29 | Fast 89 | Instant 107.2 👈 current Ethereum gas prices in gwei. DM me a price and I will DM you as soon as gas drops below that price 👍 #Ethereum #GasPrice #ETHGasPrice #ETH,0,0,ETHGasPriceBot,1164,1519792831661056001
440,Thu Apr 28 21:36:59 +0000 2022,@CramerTracker Tell @jimcramer to stay away from #ETH,0,0,DarenBlonski,885,1519792819589632000
441,Thu Apr 28 21:36:46 +0000 2022,@PresentsAirdrop Good project everyone here get free Airdrops MRT  #Clockx24 #UTK #Ethereum @Alberto_PAYZ @lin25121995 @ayucharlottee @d7qyYq17d3z40pa,0,0,Kikieza13,1,1519792767450427393
442,Thu Apr 28 21:36:31 +0000 2022,@Melt_Dem @twobitidiot #Ethereum is shit.,0,0,XRP_1337,57,1519792701524393984
443,Thu Apr 28 21:36:30 +0000 2022,"@CardanoFeed  Get the chance to be a BETA tester in our online multiplayer game and even earn #crypto.

BETA: mid July 
Join us on Discord and become an early adopter
follow us on twitter

#p2egaming #GameFi #ETH #cryptocurrency #cryptocurrencies #blockchain",0,0,Gametokentech,2375,1519792698697342976
444,Thu Apr 28 21:36:20 +0000 2022,"⚔️Max Revive⚔️

Tired of getting rugged and lose your money!? WE GOT YOU! Our Revival Hub is launching TODAY so you can stake your now worthless tokens and receive our governance token as reward! 

#MaxRevive #MAXR #ETH #BSC #Ethereum #rugged",1,1,MikeMAXRtoken,17,1519792655479283712
445,Thu Apr 28 21:36:15 +0000 2022,@zo_pixle done          #Bitcoin #Ethereum #BNB #ETH #BitcoinCrash #DOT #MANA #SHIB #XRP #DOGE #BABYDOGE #Saitama #ADA #SOL #FTM #MATIC #HERO #SAND #WHEX #Safemoon #AVAX #BTC #LOOKS #NFTS #MTV #FTM #Altcoins #APE #APECOIN #NEWINU #TWT #VRA #FLOKI  0x887911ed1b79b57d9fb83ca60de18a50c1a26f9c,0,0,SUHARTO23755897,873,1519792636063719426
446,Thu Apr 28 21:35:31 +0000 2022,"@WhaleEverything #SHAPE $SHAPE  $MRI #ShapeDaoFam #SHAPEDAO #SHAPEYOURFUTURE #ShapeFamApes #ShapeDaotothemoon #ETH Shape Dao going to be making a lot of noise coming up. Just watch 👀👀
@YashaToken

@AdamEShelton
 
@JakeGagain
 
@Yourpop8
 
@kkoncrypto
 
@ianheinischmma
 
@cryptojourneyrs",1,1,shibnobiblaze,953,1519792452168679424
447,Thu Apr 28 21:35:26 +0000 2022,"@CryptoAssasin_0 @FEGtoken @BabyDogeCoin @RichQuack @ShibInfo ElonTwitterino ($ETINO) @ETw1tterino just started. Be one of the first holders and wait for x100 🚀🚀🚀🚀💥💥💥
#bnb #Binance #ElonMusk #Tokenomics #tokens #cryptocurrency #pankcakeswap #ToTheMoon #Bitcoin #shiba #SHIB #dogecoin #Ethereum #memecoin #MemeTech",0,1,Piotrcrypto1,2,1519792429720915968
448,Thu Apr 28 21:35:19 +0000 2022,"@EthaxCrypto #DeFi #ethax #ethaxcrypto #ethaxtoken #DEX # cryptocurrency #Ethereum #BinanceSmartChain #Bitcoin
This project has a very bright future,because I really think this project is too perfect to be true.This is a very cool and innovative project.This project has a very",0,1,motiar888,1764,1519792399928598530
449,Thu Apr 28 21:35:16 +0000 2022,"@Meta_UFO One of the best project 
#LTC #mbl #eth
@thinkingbiebs 
@0xMrMoon 
@AlanMB",0,0,omaralis774,6,1519792388415574016
450,Thu Apr 28 21:35:05 +0000 2022,"@huntshoge ElonTwitterino ($ETINO) @ETw1tterino just started. Be one of the first holders and wait for x100 🚀🚀🚀🚀💥💥💥
#bnb #Binance #ElonMusk #Tokenomics #tokens #cryptocurrency #pankcakeswap #ToTheMoon #Bitcoin #shiba #SHIB #dogecoin #Ethereum #memecoin #MemeTech",0,0,Piotrcrypto1,2,1519792344345853952
451,Thu Apr 28 21:35:00 +0000 2022,"@SAPEOFFICIALETH @thecryptoshopp Thanks again @thecryptoshopp for having me! Sure is a blessing to be on the show and a part of this amazing community! 
#SAFUSWAP $SAPE #BSAPE #SAFUAPE 
   #eth #erc20 #crypto #binance #ape #bayc #community #greenwall #SAFE #crypto #nft  #shib #saitama #bsc #shinja #cult #caw",5,8,SHazelSafuApe,312,1519792319918231556
452,Thu Apr 28 21:34:59 +0000 2022,Slow 20 | Normal 30 | Fast 67.4 | Instant 67.8 👈 current Ethereum gas prices in gwei. DM me a price and I will DM you as soon as gas drops below that price 👍 #Ethereum #GasPrice #ETHGasPrice #ETH,0,0,ETHGasPriceBot,1164,1519792317993000960
453,Thu Apr 28 21:34:59 +0000 2022,📈 ETHUSD BUY signal now (severity: 2) #eth #crypto #DCA #TradingSignals #BTC #Bitcoin 28/4/2022@21:34:59,0,0,JonasNRDSTRM,462,1519792316604633089
454,Thu Apr 28 21:34:55 +0000 2022,"@CryptoGemsCom Syscoin is the best in the Crypto space, Ethereum, NEVM, Zkrollup, Validium, pegesysDEX, and an incredible ecosystem.

$SYS ecosystem uses the #BTC and security and #ETH smart contracts to run NEVM.

I think @syscoin is one of the best cryptos with a ×100 vibrant ecosystem.",0,1,RosieSpark5,112,1519792302302146561
455,Thu Apr 28 21:34:43 +0000 2022,I have some spare #ETH to drop. What #NFTs are you all buying?,0,2,theogenesys,31,1519792250401685505
456,Thu Apr 28 21:34:32 +0000 2022,What’s the best #NFT to spend 15 #ETH on?,0,1,Futureistody,1350,1519792205568872448
457,Thu Apr 28 21:34:31 +0000 2022,"@XRPayNet ElonTwitterino ($ETINO) @ETw1tterino just started. Be one of the first holders and wait for x100 🚀🚀🚀🚀💥💥💥
#bnb #Binance #ElonMusk #Tokenomics #tokens #cryptocurrency #pankcakeswap #ToTheMoon #Bitcoin #shiba #SHIB #dogecoin #Ethereum #memecoin #MemeTech",0,0,Piotrcrypto1,2,1519792200288280576
458,Thu Apr 28 21:34:25 +0000 2022,"@WhaleEverything #SHAPE $SHAPE  $MRI #ShapeDaoFam #SHAPEDAO #SHAPEYOURFUTURE #ShapeFamApes #ShapeDaotothemoon #ETH 
@YashaToken

 @AdamEShelton
 
@JakeGagain
 
@Yourpop8
 
@kkoncrypto
 
@ianheinischmma
 
@cryptojourneyr",1,1,shibnobiblaze,953,1519792173587197952
459,Thu Apr 28 21:34:16 +0000 2022,"@TrustWhales ElonTwitterino ($ETINO) @ETw1tterino just started. Be one of the first holders and wait for x100 🚀🚀🚀🚀💥💥💥
#bnb #Binance #ElonMusk #Tokenomics #tokens #cryptocurrency #pankcakeswap #ToTheMoon #Bitcoin #shiba #SHIB #dogecoin #Ethereum #memecoin #MemeTech",0,0,Piotrcrypto1,2,1519792136035749894
460,Thu Apr 28 21:34:06 +0000 2022,"@BakePizzaMiner Very valuable and excellent project I hope it is as successful as you expect it to be and I am proud to do so in your project Come join my friends project
#bsc #ETH #Crypto #Airdrops #Airdrop
0x979d04D1b6c067a1373506fD249aF386e6c8641A
@Mamad__88 
@AliAmirian7 
@MinavandRasoul",0,0,Mohamma87596761,69,1519792094973464576
461,Thu Apr 28 21:34:00 +0000 2022,"The split second you press that buy button on your first crypto you become an entrepreneur! 

You're so early and you'll be setting yourself up for generational wealth! 

@DelCrxpto #ETHFANTOKEN #ethfan #BTC #ETH #BNB",0,1,EFT_TO_THE_MOON,306,1519792068473802752
462,Thu Apr 28 21:33:36 +0000 2022,"@calliopegria $LTO  #LTO GO 5$🚀🚀🚀😎
Has 100x boost potential!
1-  WEB3.0✅
2 - NFT 2.0✅
3-  METAVERSE✅
4 - Casino Services✅
5 - DAO Maker✅
6-  DeFi✅
7-  New Tokenomics %15 APY✅
8 - Privacy Oriented ✅
And more😎
#Bitcoin #ETH $xrp $SLP $SOL $Btc #Gtm #APE",0,0,Cansever7S,325,1519791968557146115
463,Thu Apr 28 21:33:17 +0000 2022,"@EleZeus_MIMA @FEGtoken ElonTwitterino ($ETINO) @ETw1tterino just started. Be one of the first holders and wait for x100 🚀🚀🚀🚀💥💥💥
#bnb #Binance #ElonMusk #Tokenomics #tokens #cryptocurrency #pankcakeswap #ToTheMoon #Bitcoin #shiba #SHIB #dogecoin #Ethereum #memecoin #MemeTech",0,0,Piotrcrypto1,2,1519791890282987521
464,Thu Apr 28 21:33:08 +0000 2022,"@Meta_UFO One of the best project 
#LTC #mbl #eth",0,0,omaralis774,6,1519791851628527616
465,Thu Apr 28 21:33:07 +0000 2022,"There is a desire to buy sneakers in #STEPN but there is no way( Can you help me with this? 
              ETH 0x692459d8d123eb90e6a7a3b6821727fe7004350b
@Stepnofficial @elonmusk #GMT #GST #SOL #ETH #BTC #Binance",0,0,KrepilEvgeniy,11,1519791848428130307
466,Thu Apr 28 21:33:03 +0000 2022,@PuffYatty He’s got me pumped up!! Who do I give my #eth to???,0,1,TheYard_NFT,1196,1519791828932866048
467,Thu Apr 28 21:33:02 +0000 2022,"Super big chance in a billion!
Price: \383873.0 (2022/04/29 06:27)
#ETH #ethereum",0,0,EthMacd,585,1519791828660228096
468,Thu Apr 28 21:32:59 +0000 2022,Slow 19.7 | Normal 23 | Fast 53.3 | Instant 78.7 👈 current Ethereum gas prices in gwei. DM me a price and I will DM you as soon as gas drops below that price 👍 #Ethereum #GasPrice #ETHGasPrice #ETH,0,0,ETHGasPriceBot,1164,1519791812843651073
469,Thu Apr 28 21:32:59 +0000 2022,"1 Bitcoin ( #BTC )
Dollar: 39,877.48$ 

1 Bitcoin Cash ( #BCH )
Dollar: 3,07.93$ 

1 Ethereum ( #ETH )
Dollar: 2,935.58$ 

1 Ripple ( #XRP )
Dollar: 0.64567$ 

Date: 28 Apr 2022 21:32

#Bitcoin #Ethereum #cryptocurrency #crypto #altcoin #Blockchain #Ripple",0,0,coinpricenow,5755,1519791812143165443
470,Thu Apr 28 21:32:44 +0000 2022,"@crypto_hunter21 ElonTwitterino ($ETINO) @ETw1tterino just started. Be one of the first holders and wait for x100 🚀🚀🚀🚀💥💥💥
#bnb #Binance #ElonMusk #Tokenomics #tokens #cryptocurrency #pankcakeswap #ToTheMoon #Bitcoin #shiba #SHIB #dogecoin #Ethereum #memecoin #MemeTech",0,1,Piotrcrypto1,2,1519791750784724999
471,Thu Apr 28 21:32:26 +0000 2022,"@Hybrid_Finance ElonTwitterino ($ETINO) @ETw1tterino just started. Be one of the first holders and wait for x100 🚀🚀🚀🚀💥💥💥
#bnb #Binance #ElonMusk #Tokenomics #tokens #cryptocurrency #pankcakeswap #ToTheMoon #Bitcoin #shiba #SHIB #dogecoin #Ethereum #memecoin #MemeTech",0,0,Piotrcrypto1,2,1519791674389577733
472,Thu Apr 28 21:32:19 +0000 2022,"@ChinaPumpWXC @sanjiinu_tw @Sanjiinu_Army @LBank_Exchange @eduardosurita @MrBigWhaleREAL @CoinMarketCap @coingecko @WhaleEverything @cryptobarbieBSC @elonmusk @MichelleObama 🔥 #SanjiInu 🔥
🔥 #LBank 🔥

💥 KYC, CHARITY, NFT AND GAME
👑 ""Charity token

🔥#SanjiİnuCoin 🔥 
🔥#sanjiinu 🔥
🔥#sanji 🔥
🔥#SanjiİnuBarackObama 🔥
🔥#BarackObama 🔥
🔥#nft #memecoin 🔥
🔥#Metaverse #Gem 🔥
🔥#bnb #btc #eth 🔥",0,1,NimaDelvar,13,1519791648007405571
473,Thu Apr 28 21:32:17 +0000 2022,@WhaleEverything @ShapeDaoETH is necessary if you want a portfolio that will grow 100X this year.  #ShapeDao is the next #100xgem and most definitely going to be a powerhouse in the #DeFi space moving forard.  $SHAPE  #ShapeDaoFam #ShapeYourFuture #ETH #Cryptos,1,1,shibnobiblaze,953,1519791638779883520
474,Thu Apr 28 21:32:14 +0000 2022,"@news_of_bsc @BabyDogeCoin @BabyDogeNFTs @opensea ElonTwitterino ($ETINO) @ETw1tterino just started. Be one of the first holders and wait for x100 🚀🚀🚀🚀💥💥💥
#bnb #Binance #ElonMusk #Tokenomics #tokens #cryptocurrency #pankcakeswap #ToTheMoon #Bitcoin #shiba #SHIB #dogecoin #Ethereum #memecoin #MemeTech",0,0,Piotrcrypto1,2,1519791627199565825
475,Thu Apr 28 21:32:13 +0000 2022,"@FlatBearCoin 0x698baddef23103f7d63abB9D4f3475A3E3e776cC

Fantastic project with great potential to exceed others.

#BNB #Airdrops #freetokens #freecoins #ether #Ethereum #Giveaways",0,0,Noblekenechukwu,36,1519791621302374401
476,Thu Apr 28 21:32:11 +0000 2022,"@HowtoPulse #PulseChain is launching soon, we can all be a part of history. Crypto is never gonna be the same! True #DeFi , trustless, without any middleman. It's you and the code. Your #ERC20 tokens on #Ethereum will be ALL copied on to #PulseChain, you need your tokens on metamask tho!",0,0,cryptopiamaniac,9,1519791612691312640
477,Thu Apr 28 21:32:03 +0000 2022,"@GrammerCrypto ElonTwitterino ($ETINO) @ETw1tterino just started. Be one of the first holders and wait for x100 🚀🚀🚀🚀💥💥💥
#bnb #Binance #ElonMusk #Tokenomics #tokens #cryptocurrency #pankcakeswap #ToTheMoon #Bitcoin #shiba #SHIB #dogecoin #Ethereum #memecoin #MemeTech",0,0,Piotrcrypto1,2,1519791579589918731
478,Thu Apr 28 21:31:58 +0000 2022,"@Ralvero Considered as one of the best NFT token, $CART token of @CryptoArt_Ai is heading to the moon.

Used for transaction fees on the #CryptoArtAi platform, $CART is deployed on #BSC and #ETH Network.",0,2,emediong_ben,2238,1519791556705853442
479,Thu Apr 28 21:31:55 +0000 2022,"@RealFlokiInu @Cointelegraph ElonTwitterino ($ETINO) @ETw1tterino just started. Be one of the first holders and wait for x100 🚀🚀🚀🚀💥💥💥
#bnb #Binance #ElonMusk #Tokenomics #tokens #cryptocurrency #pankcakeswap #ToTheMoon #Bitcoin #shiba #SHIB #dogecoin #Ethereum #memecoin #MemeTech",0,0,Piotrcrypto1,2,1519791544785686528
480,Thu Apr 28 21:31:53 +0000 2022,@thomasnegeri I think in a few years it can reach #ETH value,1,2,JayFlorez88,9306,1519791535386148864
481,Thu Apr 28 21:31:42 +0000 2022,"Network Status: Online

ΞETH Net Load: 🔲🔲🔲🔲🔲🔳 : ⚡

⛏ Block Price: 69 Gwei

📈 $ 2,931.41: bearish 🐻
#eth #gas #price",0,0,open__os,22,1519791491438292992
482,Thu Apr 28 21:31:25 +0000 2022,"@rovercrc @elonmusk $LTO  #LTO GO 5$🚀🚀🚀😎
Has 100x boost potential!
1-  WEB3.0✅
2 - NFT 2.0✅
3-  METAVERSE✅
4 - Casino Services✅
5 - DAO Maker✅
6-  DeFi✅
7-  New Tokenomics %15 APY✅
8 - Privacy Oriented ✅
And more😎
#Bitcoin #ETH $xrp $SLP $SOL $Btc #Gtm #APE",0,0,Cansever7S,325,1519791418490949635
483,Thu Apr 28 21:31:10 +0000 2022,"@Crypto_Gizem $LTO  #LTO GO 5$🚀🚀🚀😎
Has 100x boost potential!
1-  WEB3.0✅
2 - NFT 2.0✅
3-  METAVERSE✅
4 - Casino Services✅
5 - DAO Maker✅
6-  DeFi✅
7-  New Tokenomics %15 APY✅
8 - Privacy Oriented ✅
And more😎
#Bitcoin #ETH $xrp $SLP $SOL $Btc #Gtm #APE",0,0,Cansever7S,325,1519791356113264641
484,Thu Apr 28 21:31:09 +0000 2022,"#NFTGiveaway will begin!

And as you all know, once the FP gets to 1 #eth 👇👇👇👇",1,1,cashflowNFT,35,1519791350799118336
485,Thu Apr 28 21:31:08 +0000 2022,"Once we reach FP of .05 #eth, the merch store will open and also ... 👇👇👇👇",0,0,cashflowNFT,35,1519791348811018246
486,Thu Apr 28 21:31:07 +0000 2022,"Follow, retweet + 🔔 and drop your #ETH",8,10,hermillaj,2849,1519791342712496130
487,Thu Apr 28 21:31:03 +0000 2022,@cryptoworld202 #bitcoin x #ethereum world reserve assets,0,0,11six89,102,1519791328409837570
488,Thu Apr 28 21:30:58 +0000 2022,Slow 20 | Normal 23.7 | Fast 66.2 | Instant 75.1 👈 current Ethereum gas prices in gwei. DM me a price and I will DM you as soon as gas drops below that price 👍 #Ethereum #GasPrice #ETHGasPrice #ETH,0,0,ETHGasPriceBot,1164,1519791307467673603
489,Thu Apr 28 21:30:45 +0000 2022,"@HowtoPulse #PulseChain is a true gem #BTC #ETH #bnb #pancakeswap #uniswap #TRON #ElonMusk #CRO #BinanceNFT #nft #metaverse #PulseChain #pulsex #hex #passiveincome #defi #Crypto #Trending #eth #MetaverseNFT  #FEG #play2earn #helium #freedom 
#BSC  #GEM #cryptocurrency #Breakout #Chainlink",1,3,dudleywins,95,1519791253906501633
490,Thu Apr 28 21:30:45 +0000 2022,"🔔Price updates for different #crypto assets that get price predictions on 🦥SlothTrading:

#ETH: $2,929.87
#DOT: $17.07
#SOL: $98.02
#LUNA: $88.45
#XRP: $0.6452
#AVAX: $67.49

💥New predictions every hour",0,0,SlothTradingBot,16,1519791253457670145
491,Thu Apr 28 21:30:34 +0000 2022,"The $SLP from @AxieInfinity is now at $0.01388 
📉 Is down -0.283% compare to 1 hour ago
📉 And is down -15.196% compare to 1 week ago
 #BTC #ETH #SLP",0,0,GamesCoinsPrice,227,1519791207374888962
492,Thu Apr 28 21:30:29 +0000 2022,"@bmurphypointman  Discover how to earn real-life #crypto in our online multiplayer game. 

BETA: mid July 
Join us on Discord and become an early adopter
follow us on twitter

#p2egaming #GameFi #ETH #cryptocurrency #cryptocurrencies #blockchain",0,0,Gametokentech,2375,1519791184021159936
493,Thu Apr 28 21:30:19 +0000 2022,"👉 Johnny Depp Inu $JDI / $WETH
Ethereum - Uniswap

🟢 Price is up 1,881% in the last hour 🟢

Price: $0.0000002181  -  24H Txns: 280  -  24H Volume: $100K - Liquidity: $100K

#ethereum #uniswap #jdi #johnnydeppinu",1,1,dexscreener,24792,1519791144858750977
494,Thu Apr 28 21:30:09 +0000 2022,"Can to sue @Nexo For delisting #ETH as a staking reward option? I am no longer earning interest on NEXO cuz I am a US customer.... 

Here is how we get around this problem.
Use Metaverse locations instead of mailing address for regions. 

WAIT SERIOUSLY COULD THIS HAPPEN?! $SHIB",0,0,CryptoHado,1079,1519791101883858945
495,Thu Apr 28 21:30:06 +0000 2022,"You should probably take a 15 min break, grab your favorite beverage and go register a 5 digit $ens. You will be glad you did. 😎🫵🏻❤️🌏
#ETH #ensdomains #Crypto #TogetherWeThrive",0,1,lithappyadvent1,213,1519791087753347074
496,Thu Apr 28 21:30:03 +0000 2022,"#erc20gas #ETH #crypto 
⛽️Auto 15Min ETH Gas Tracking⛽️

GWEI:
Low: 59 gwei
Avg: 59 gwei
High: 60 gwei

Opensea: Sale
Low: $34.98
Avg: $34.98
High: $35.57

Uniswap V3: Swap
Low: $31.90
Avg: $31.90
High: $32.44

USDT: Transfer
Low: $9.36
Avg: $9.36
High: $9.52",0,0,Erc20Gas,657,1519791074860048385
497,Thu Apr 28 21:30:02 +0000 2022,"Follow us to receive Premium Signals from Top Paid Channels for FREE!!
#Ethereum  #ETH #Gala  #GALA #Cardano  #ADA #Bitcoin  #BTC #GreenSatoshiToken  #GST",0,0,TopPaidSignals,506,1519791069826801667
498,Thu Apr 28 21:29:59 +0000 2022,📈 ETHUSD BUY signal now (severity: 3) #eth #crypto #DCA #TradingSignals #BTC #Bitcoin 28/4/2022@21:29:59,0,0,JonasNRDSTRM,462,1519791058388983808
499,Thu Apr 28 21:29:39 +0000 2022,"@MartiniGuyYT $LTO  #LTO GO 5$🚀🚀🚀😎
Has 100x boost potential!
1-  WEB3.0✅
2 - NFT 2.0✅
3-  METAVERSE✅
4 - Casino Services✅
5 - DAO Maker✅
6-  DeFi✅
7-  New Tokenomics %15 APY✅
8 - Privacy Oriented ✅
And more😎
#Bitcoin #ETH $xrp $SLP $SOL $Btc #Gtm #APE",0,0,Cansever7S,325,1519790974972669953
